"100x100x50 box, init coup cold, p15, three layers, 2 big frac, random small"
cont
avs 10000  365e7
material
liquid
velocity
temperature
pressure
flux
source
endavs
sol
1    -1
node
10
617932 617931 617928 617925 617922 617917 617914 617912 617903 617895
6
6687 34741 37992 77048 139273 509119
eos
5  0  0
21.  50.  997.   0.0   -0.45  0.23   0.0  4.2e-03  5.5e-04  0. 0.
0.1  20.  1.29   0.     0.    2.5   0.     0.1     2.e-4   0. 0.
pres
1, 0, 0, 80.00, 2.0, 1
0
flow
11434, 11434, 1, 26.0, -2.00000, 0.25
0
perm
1, 0, 0, 1.0e-15, 1.0e-15, 1.0e-15
0
rock
1, 0, 0, 2650., 800., 0.3
0
cond
1, 0, 0, 2.0, 2.0, 2.0
0
ppor
1, 0, 0, 6.0e-10
0
hflx
-2 0 0 2.0 1.e6
-3 0 0 2.0 1.e6
0
time
1.e-4 365e8  10000  10  0   1   0
0.0    0.0    0.0    0.0
ctrl
-50 1.e-04  25 100 gmre
1   0   0   2
0   0   0   0
1.0  3  1.0 
7   1.2   1.e-6  365e5
0   1
stop
