Format: xRadius yRadius Family# Removed (-2 = userPolygon, -1 = userRectangle, 0 = userEllipse, > 0 is family in order of famProb)
50000 50000 -1
50000 50000 -1
112.06932 112.06932 1
212.44946 212.44946 1
320.21021 320.21021 1
109.7907 109.7907 1
147.59764 147.59764 1
126.42546 126.42546 1
114.71043 114.71043 1
104.65573 104.65573 1
191.02164 191.02164 1
165.81242 165.81242 1
255.31485 255.31485 1
112.73731 112.73731 1
715.64728 715.64728 1
127.29333 127.29333 1
108.00842 108.00842 1
132.80406 132.80406 1
170.37926 170.37926 1
327.39893 327.39893 1
222.35214 222.35214 1
240.15958 240.15958 1
131.21733 131.21733 1
593.30695 593.30695 1
127.78759 127.78759 1
119.91855 119.91855 1
120.40939 120.40939 1
276.30124 276.30124 1
448.8154 448.8154 1
173.10942 173.10942 1
163.80998 163.80998 1
653.39105 653.39105 1
889.20996 889.20996 1
321.74664 321.74664 1
137.70093 137.70093 1
222.35463 222.35463 1
149.37044 149.37044 1
157.99237 157.99237 1
337.33606 337.33606 1
244.0331 244.0331 1
302.5257 302.5257 1
254.79816 254.79816 1
373.27771 373.27771 1
205.72137 205.72137 1
454.23831 454.23831 1
149.31369 149.31369 1
104.47267 104.47267 1
251.72755 251.72755 1
801.0257 801.0257 1
168.42191 168.42191 1
101.16676 101.16676 1
916.46204 916.46204 1
142.71848 142.71848 1
138.72131 138.72131 1
716.6745 716.6745 1
107.73406 107.73406 1
426.121 426.121 1
127.13706 127.13706 1
123.22765 123.22765 1
147.18071 147.18071 1
172.34631 172.34631 1
130.25569 130.25569 1
130.00687 130.00687 1
147.66862 147.66862 1
106.93372 106.93372 1
339.31039 339.31039 1
102.83387 102.83387 1
179.33275 179.33275 1
235.36212 235.36212 1
178.31198 178.31198 1
119.93247 119.93247 1
842.37268 842.37268 1
200.13466 200.13466 1
240.57567 240.57567 1
182.00056 182.00056 1
135.77304 135.77304 1
291.02069 291.02069 1
176.07764 176.07764 1
284.05765 284.05765 1
611.27271 611.27271 1
107.6475 107.6475 1
150.4771 150.4771 1
169.67685 169.67685 1
103.24531 103.24531 1
444.23862 444.23862 1
923.42126 923.42126 1
280.00146 280.00146 1
177.22083 177.22083 1
141.32115 141.32115 1
122.00593 122.00593 1
119.55043 119.55043 1
403.75003 403.75003 1
116.14861 116.14861 1
186.22624 186.22624 1
520.64154 520.64154 1
133.61522 133.61522 1
707.57562 707.57562 1
121.68768 121.68768 1
111.59097 111.59097 1
257.36761 257.36761 1
177.38373 177.38373 1
190.93762 190.93762 1
162.12624 162.12624 1
299.98239 299.98239 1
410.69904 410.69904 1
650.79681 650.79681 1
808.40234 808.40234 1
107.95432 107.95432 1
138.98149 138.98149 1
130.85823 130.85823 1
127.28577 127.28577 1
178.24841 178.24841 1
625.66418 625.66418 1
111.95599 111.95599 1
202.35663 202.35663 1
135.04871 135.04871 1
127.79253 127.79253 1
231.94719 231.94719 1
421.50793 421.50793 1
307.13 307.13 1
145.19566 145.19566 1
114.15378 114.15378 1
107.72504 107.72504 1
123.56074 123.56074 1
129.18056 129.18056 1
113.12701 113.12701 1
239.26721 239.26721 1
252.9397 252.9397 1
237.80499 237.80499 1
254.16486 254.16486 1
237.5874 237.5874 1
115.58145 115.58145 1
349.8382 349.8382 1
107.46 107.46 1
123.92408 123.92408 1
152.02901 152.02901 1
474.53995 474.53995 1
154.31039 154.31039 1
167.64938 167.64938 1
685.04462 685.04462 1
544.56555 544.56555 1
140.95059 140.95059 1
185.7563 185.7563 1
277.61118 277.61118 1
109.04578 109.04578 1
106.14365 106.14365 1
131.22498 131.22498 1
102.23535 102.23535 1
100.83377 100.83377 1
298.93671 298.93671 1
102.26659 102.26659 1
332.48923 332.48923 1
238.39917 238.39917 1
142.2894 142.2894 1
153.50023 153.50023 1
163.78464 163.78464 1
384.39871 384.39871 1
245.87891 245.87891 1
299.63254 299.63254 1
231.09406 231.09406 1
237.59236 237.59236 1
102.85371 102.85371 1
171.85825 171.85825 1
164.4373 164.4373 1
198.65634 198.65634 1
193.51706 193.51706 1
109.31411 109.31411 1
141.07451 141.07451 1
150.08675 150.08675 1
207.56628 207.56628 1
403.73019 403.73019 1
106.87045 106.87045 1
178.69254 178.69254 1
180.17642 180.17642 1
113.60537 113.60537 1
145.6447 145.6447 1
116.51157 116.51157 1
111.98052 111.98052 1
154.52736 154.52736 1
127.63833 127.63833 1
104.41978 104.41978 1
118.84686 118.84686 1
151.79167 151.79167 1
101.19976 101.19976 1
259.44162 259.44162 1
144.92798 144.92798 1
263.93774 263.93774 1
125.87838 125.87838 1
220.9735 220.9735 1
123.99268 123.99268 1
110.93735 110.93735 1
102.83012 102.83012 1
107.59296 107.59296 1
353.14804 353.14804 1
134.86551 134.86551 1
103.58397 103.58397 1
704.48279 704.48279 1
108.40279 108.40279 1
107.62685 107.62685 1
146.22456 146.22456 1
164.89403 164.89403 1
118.05106 118.05106 1
242.28748 242.28748 1
117.00312 117.00312 1
140.27324 140.27324 1
123.7648 123.7648 1
514.72247 514.72247 1
188.71852 188.71852 1
665.64496 665.64496 1
237.56053 237.56053 1
360.95682 360.95682 1
273.44879 273.44879 1
125.67524 125.67524 1
125.88593 125.88593 1
293.19131 293.19131 1
129.39685 129.39685 1
108.6031 108.6031 1
115.69229 115.69229 1
973.18555 973.18555 1
115.91197 115.91197 1
365.13156 365.13156 1
232.40161 232.40161 1
132.35248 132.35248 1
114.48326 114.48326 1
369.91476 369.91476 1
577.58392 577.58392 1
362.46576 362.46576 1
178.92854 178.92854 1
790.71887 790.71887 1
163.10738 163.10738 1
270.99594 270.99594 1
649.86865 649.86865 1
389.77124 389.77124 1
751.41833 751.41833 1
127.91632 127.91632 1
112.33895 112.33895 1
332.19833 332.19833 1
553.44244 553.44244 1
140.92403 140.92403 1
664.82721 664.82721 1
745.45093 745.45093 1
519.22229 519.22229 1
363.45505 363.45505 1
206.90456 206.90456 1
333.74921 333.74921 1
468.79782 468.79782 1
362.98026 362.98026 1
473.94766 473.94766 1
170.01326 170.01326 1
140.87729 140.87729 1
113.87167 113.87167 1
809.57434 809.57434 1
170.02943 170.02943 1
122.57205 122.57205 1
161.96123 161.96123 1
229.06876 229.06876 1
227.89984 227.89984 1
150.13278 150.13278 1
260.63699 260.63699 1
178.93994 178.93994 1
142.82564 142.82564 1
142.71036 142.71036 1
130.90388 130.90388 1
390.05417 390.05417 1
104.78316 104.78316 1
107.94551 107.94551 1
126.03586 126.03586 1
354.85431 354.85431 1
108.80468 108.80468 1
179.72202 179.72202 1
103.42458 103.42458 1
100.15511 100.15511 1
120.1274 120.1274 1
114.86665 114.86665 1
186.42244 186.42244 1
208.57959 208.57959 1
189.52745 189.52745 1
355.63855 355.63855 1
171.75737 171.75737 1
126.37744 126.37744 1
125.62344 125.62344 1
269.33783 269.33783 1
139.93111 139.93111 1
150.4588 150.4588 1
129.54181 129.54181 1
130.84641 130.84641 1
185.1214 185.1214 1
135.51813 135.51813 1
127.60095 127.60095 1
248.65315 248.65315 1
320.36676 320.36676 1
197.58322 197.58322 1
181.78918 181.78918 1
453.99286 453.99286 1
204.70622 204.70622 1
128.46733 128.46733 1
183.00626 183.00626 1
279.01682 279.01682 1
321.17624 321.17624 1
152.26414 152.26414 1
229.99004 229.99004 1
159.31195 159.31195 1
132.58896 132.58896 1
105.05127 105.05127 1
186.94923 186.94923 1
284.64642 284.64642 1
376.12656 376.12656 1
130.86546 130.86546 1
247.05142 247.05142 1
126.91051 126.91051 1
334.83652 334.83652 1
360.57416 360.57416 1
556.01404 556.01404 1
220.5842 220.5842 1
101.48125 101.48125 1
219.93637 219.93637 1
305.59909 305.59909 1
149.11987 149.11987 1
118.59972 118.59972 1
334.68677 334.68677 1
251.64146 251.64146 1
125.29583 125.29583 1
153.0304 153.0304 1
114.44807 114.44807 1
109.31543 109.31543 1
438.29077 438.29077 1
128.47549 128.47549 1
220.97964 220.97964 1
173.19635 173.19635 1
184.42351 184.42351 1
209.60982 209.60982 1
556.74274 556.74274 1
536.54102 536.54102 1
334.76651 334.76651 1
133.28381 133.28381 1
153.74309 153.74309 1
187.36316 187.36316 1
155.28825 155.28825 1
414.81799 414.81799 1
370.13388 370.13388 1
303.50671 303.50671 1
102.34949 102.34949 1
116.35015 116.35015 1
397.5759 397.5759 1
188.07845 188.07845 1
251.39011 251.39011 1
107.90098 107.90098 1
133.34848 133.34848 1
212.01711 212.01711 1
111.48856 111.48856 1
185.70164 185.70164 1
110.50896 110.50896 1
107.42202 107.42202 1
105.15601 105.15601 1
265.46509 265.46509 1
208.70099 208.70099 1
190.80113 190.80113 1
586.27118 586.27118 1
137.49187 137.49187 1
941.14978 941.14978 1
564.93561 564.93561 1
130.30528 130.30528 1
427.12799 427.12799 1
447.78214 447.78214 1
135.05173 135.05173 1
118.90305 118.90305 1
148.97038 148.97038 1
257.06247 257.06247 1
353.87851 353.87851 1
174.97501 174.97501 1
296.51181 296.51181 1
108.21115 108.21115 1
154.2863 154.2863 1
204.56136 204.56136 1
295.23572 295.23572 1
113.87231 113.87231 1
243.27383 243.27383 1
128.42033 128.42033 1
113.77779 113.77779 1
416.35022 416.35022 1
133.97775 133.97775 1
194.39717 194.39717 1
314.60486 314.60486 1
146.61546 146.61546 1
226.60657 226.60657 1
122.1656 122.1656 1
152.16841 152.16841 1
308.75659 308.75659 1
128.37233 128.37233 1
129.87718 129.87718 1
109.28633 109.28633 1
102.29677 102.29677 1
116.98204 116.98204 1
724.16827 724.16827 1
464.74423 464.74423 1
120.31758 120.31758 1
152.74579 152.74579 1
166.12639 166.12639 1
206.35295 206.35295 1
307.88422 307.88422 1
146.32484 146.32484 1
113.71146 113.71146 1
350.9613 350.9613 1
151.9232 151.9232 1
126.86163 126.86163 1
597.15326 597.15326 1
117.24377 117.24377 1
125.4359 125.4359 1
154.22034 154.22034 1
371.48502 371.48502 1
601.98267 601.98267 1
173.30307 173.30307 1
543.23242 543.23242 1
128.5612 128.5612 1
139.48672 139.48672 1
749.24548 749.24548 1
211.76118 211.76118 1
160.64619 160.64619 1
173.4053 173.4053 1
143.47137 143.47137 1
197.05803 197.05803 1
461.93408 461.93408 1
892.34131 892.34131 1
325.534 325.534 1
165.81166 165.81166 1
106.22413 106.22413 1
167.87506 167.87506 1
148.85295 148.85295 1
285.35843 285.35843 1
115.35201 115.35201 1
185.5585 185.5585 1
193.01338 193.01338 1
281.82867 281.82867 1
127.08406 127.08406 1
153.03276 153.03276 1
112.18961 112.18961 1
157.61368 157.61368 1
680.57654 680.57654 1
236.77055 236.77055 1
222.90396 222.90396 1
145.96194 145.96194 1
521.37256 521.37256 1
155.24666 155.24666 1
185.29893 185.29893 1
429.54095 429.54095 1
109.50241 109.50241 1
139.85074 139.85074 1
103.9937 103.9937 1
119.48588 119.48588 1
106.09839 106.09839 1
161.04611 161.04611 1
101.11835 101.11835 1
182.89005 182.89005 1
667.79352 667.79352 1
185.87413 185.87413 1
287.29343 287.29343 1
109.9547 109.9547 1
144.85628 144.85628 1
135.2971 135.2971 1
147.59912 147.59912 1
106.06863 106.06863 1
331.18015 331.18015 1
186.89307 186.89307 1
117.48291 117.48291 1
119.68131 119.68131 1
113.72199 113.72199 1
257.42776 257.42776 1
173.61697 173.61697 1
129.96169 129.96169 1
105.42105 105.42105 1
131.6174 131.6174 1
111.20035 111.20035 1
123.73886 123.73886 1
100.85049 100.85049 1
122.8064 122.8064 1
163.14145 163.14145 1
105.14179 105.14179 1
139.72218 139.72218 1
115.94 115.94 1
453.19852 453.19852 1
130.83044 130.83044 1
108.30103 108.30103 1
218.02513 218.02513 1
116.41714 116.41714 1
154.08302 154.08302 1
903.4834 903.4834 1
381.48315 381.48315 1
104.40307 104.40307 1
146.78168 146.78168 1
367.21152 367.21152 1
210.89719 210.89719 1
135.43768 135.43768 1
103.20329 103.20329 1
107.73226 107.73226 1
105.03778 105.03778 1
125.52374 125.52374 1
142.28867 142.28867 1
160.18639 160.18639 1
194.48544 194.48544 1
133.69879 133.69879 1
136.13747 136.13747 1
363.80634 363.80634 1
103.11761 103.11761 1
356.384 356.384 1
107.52778 107.52778 1
102.85479 102.85479 1
213.92558 213.92558 1
113.07053 113.07053 1
114.72855 114.72855 1
130.41341 130.41341 1
392.61481 392.61481 1
414.68839 414.68839 1
118.3335 118.3335 1
506.15817 506.15817 1
242.43617 242.43617 1
541.70319 541.70319 1
143.08205 143.08205 1
132.02142 132.02142 1
102.15992 102.15992 1
608.79254 608.79254 1
290.15152 290.15152 1
208.22043 208.22043 1
106.46535 106.46535 1
298.49707 298.49707 1
108.6981 108.6981 1
107.9375 107.9375 1
125.8271 125.8271 1
169.45988 169.45988 1
129.89102 129.89102 1
111.43542 111.43542 1
187.73747 187.73747 1
287.32855 287.32855 1
125.92261 125.92261 1
128.67012 128.67012 1
102.98183 102.98183 1
134.57401 134.57401 1
142.29121 142.29121 1
140.96503 140.96503 1
104.46247 104.46247 1
157.41925 157.41925 1
201.19528 201.19528 1
148.22258 148.22258 1
251.3905 251.3905 1
103.87285 103.87285 1
238.70444 238.70444 1
107.55299 107.55299 1
110.509 110.509 1
135.82112 135.82112 1
102.50967 102.50967 1
187.10707 187.10707 1
215.49435 215.49435 1
782.52435 782.52435 1
162.07799 162.07799 1
129.42453 129.42453 1
845.80615 845.80615 1
149.6434 149.6434 1
137.96191 137.96191 1
270.74796 270.74796 1
331.70831 331.70831 1
112.09017 112.09017 1
239.01894 239.01894 1
154.61853 154.61853 1
723.97723 723.97723 1
102.05345 102.05345 1
125.80581 125.80581 1
114.33714 114.33714 1
127.02564 127.02564 1
144.74364 144.74364 1
131.43164 131.43164 1
118.83025 118.83025 1
350.16507 350.16507 1
423.26489 423.26489 1
125.75105 125.75105 1
305.83005 305.83005 1
122.33863 122.33863 1
116.99374 116.99374 1
339.31226 339.31226 1
111.71545 111.71545 1
127.56617 127.56617 1
423.40115 423.40115 1
100.34678 100.34678 1
354.92722 354.92722 1
121.96906 121.96906 1
114.3618 114.3618 1
115.59454 115.59454 1
213.93654 213.93654 1
109.62177 109.62177 1
193.86717 193.86717 1
128.94017 128.94017 1
479.22711 479.22711 1
153.72198 153.72198 1
147.51813 147.51813 1
111.48013 111.48013 1
396.4043 396.4043 1
114.4986 114.4986 1
702.74762 702.74762 1
174.44368 174.44368 1
193.75026 193.75026 1
118.97437 118.97437 1
100.52331 100.52331 1
361.07144 361.07144 1
149.12888 149.12888 1
193.02319 193.02319 1
688.4798 688.4798 1
312.55582 312.55582 1
212.30202 212.30202 1
624.43134 624.43134 1
101.2323 101.2323 1
409.13376 409.13376 1
474.59573 474.59573 1
122.97237 122.97237 1
315.52768 315.52768 1
335.85049 335.85049 1
114.98623 114.98623 1
120.52049 120.52049 1
399.55914 399.55914 1
116.82409 116.82409 1
112.59446 112.59446 1
271.42798 271.42798 1
921.79639 921.79639 1
115.06348 115.06348 1
176.67479 176.67479 1
101.29611 101.29611 1
232.23166 232.23166 1
232.34198 232.34198 1
139.39299 139.39299 1
143.30246 143.30246 1
675.60596 675.60596 1
134.96637 134.96637 1
102.99193 102.99193 1
174.1812 174.1812 1
161.31496 161.31496 1
237.55264 237.55264 1
159.38197 159.38197 1
114.61371 114.61371 1
156.72719 156.72719 1
238.02612 238.02612 1
129.61633 129.61633 1
460.54602 460.54602 1
370.16895 370.16895 1
465.39307 465.39307 1
247.64468 247.64468 1
107.69151 107.69151 1
211.29546 211.29546 1
139.02046 139.02046 1
208.36227 208.36227 1
598.63153 598.63153 1
212.80167 212.80167 1
156.20251 156.20251 1
867.62848 867.62848 1
138.03517 138.03517 1
245.58577 245.58577 1
148.79366 148.79366 1
214.72896 214.72896 1
188.94351 188.94351 1
488.67688 488.67688 1
236.34102 236.34102 1
544.90063 544.90063 1
191.39467 191.39467 1
230.28322 230.28322 1
840.89691 840.89691 1
136.90182 136.90182 1
324.37738 324.37738 1
318.46368 318.46368 1
150.73563 150.73563 1
362.89862 362.89862 1
119.72201 119.72201 1
107.55889 107.55889 1
140.63321 140.63321 1
134.17122 134.17122 1
180.76711 180.76711 1
234.96616 234.96616 1
206.00452 206.00452 1
202.26056 202.26056 1
105.891 105.891 1
113.70515 113.70515 1
531.18958 531.18958 1
116.84214 116.84214 1
128.18309 128.18309 1
235.63399 235.63399 1
122.47237 122.47237 1
115.68743 115.68743 1
461.19943 461.19943 1
125.85078 125.85078 1
338.45697 338.45697 1
252.00462 252.00462 1
308.79388 308.79388 1
123.04677 123.04677 1
758.65479 758.65479 1
126.45546 126.45546 1
310.98581 310.98581 1
196.36467 196.36467 1
209.96968 209.96968 1
135.51987 135.51987 1
191.8578 191.8578 1
354.17813 354.17813 1
273.22916 273.22916 1
161.5015 161.5015 1
481.13065 481.13065 1
106.04596 106.04596 1
319.37027 319.37027 1
204.45647 204.45647 1
387.25104 387.25104 1
351.60214 351.60214 1
103.73415 103.73415 1
408.70514 408.70514 1
130.95163 130.95163 1
105.72247 105.72247 1
302.08298 302.08298 1
156.74751 156.74751 1
109.05344 109.05344 1
308.94159 308.94159 1
128.90292 128.90292 1
108.35434 108.35434 1
232.96254 232.96254 1
332.13742 332.13742 1
196.25366 196.25366 1
150.08145 150.08145 1
113.60891 113.60891 1
177.94655 177.94655 1
304.71045 304.71045 1
152.97026 152.97026 1
119.07639 119.07639 1
150.57455 150.57455 1
339.15158 339.15158 1
137.04185 137.04185 1
106.76952 106.76952 1
125.06814 125.06814 1
985.5058 985.5058 1
394.76352 394.76352 1
227.77637 227.77637 1
104.11945 104.11945 1
659.62433 659.62433 1
106.71614 106.71614 1
164.33321 164.33321 1
171.56157 171.56157 1
110.34714 110.34714 1
101.18143 101.18143 1
156.18774 156.18774 1
207.80719 207.80719 1
125.57098 125.57098 1
191.38701 191.38701 1
229.14615 229.14615 1
242.58859 242.58859 1
110.74632 110.74632 1
137.60602 137.60602 1
104.03358 104.03358 1
588.5827 588.5827 1
100.40479 100.40479 1
150.44308 150.44308 1
325.20804 325.20804 1
461.36426 461.36426 1
120.33831 120.33831 1
245.5498 245.5498 1
161.61374 161.61374 1
159.31917 159.31917 1
109.1256 109.1256 1
116.42773 116.42773 1
355.82147 355.82147 1
570.01221 570.01221 1
118.97037 118.97037 1
107.64175 107.64175 1
187.8989 187.8989 1
135.50305 135.50305 1
638.40277 638.40277 1
146.20587 146.20587 1
141.07608 141.07608 1
608.97925 608.97925 1
408.70938 408.70938 1
816.07294 816.07294 1
143.32486 143.32486 1
148.86946 148.86946 1
140.07788 140.07788 1
606.36847 606.36847 1
133.52394 133.52394 1
115.02317 115.02317 1
228.71272 228.71272 1
125.49809 125.49809 1
191.7357 191.7357 1
195.58395 195.58395 1
195.03667 195.03667 1
133.35542 133.35542 1
183.54073 183.54073 1
168.87769 168.87769 1
116.6342 116.6342 1
543.00354 543.00354 1
193.45439 193.45439 1
159.67673 159.67673 1
148.22842 148.22842 1
117.94997 117.94997 1
226.31667 226.31667 1
136.94237 136.94237 1
105.12727 105.12727 1
220.4868 220.4868 1
602.03918 602.03918 1
767.96429 767.96429 1
170.50327 170.50327 1
484.27106 484.27106 1
277.60965 277.60965 1
178.98404 178.98404 1
100.92902 100.92902 1
317.1178 317.1178 1
169.23215 169.23215 1
201.00362 201.00362 1
937.87518 937.87518 1
117.78206 117.78206 1
160.11203 160.11203 1
196.3109 196.3109 1
103.82013 103.82013 1
113.7439 113.7439 1
159.09549 159.09549 1
392.13776 392.13776 1
253.35974 253.35974 1
200.55063 200.55063 1
271.29926 271.29926 1
520.63995 520.63995 1
104.48874 104.48874 1
265.62802 265.62802 1
990.29663 990.29663 1
190.29642 190.29642 1
385.48569 385.48569 1
740.14062 740.14062 1
247.67787 247.67787 1
260.07196 260.07196 1
273.56418 273.56418 1
184.67163 184.67163 1
254.12737 254.12737 1
358.64786 358.64786 1
165.10257 165.10257 1
102.02285 102.02285 1
256.16742 256.16742 1
105.17941 105.17941 1
113.65257 113.65257 1
101.75739 101.75739 1
179.79739 179.79739 1
131.79243 131.79243 1
235.68086 235.68086 1
139.14073 139.14073 1
204.94519 204.94519 1
180.57555 180.57555 1
196.71375 196.71375 1
150.37741 150.37741 1
157.99734 157.99734 1
134.11687 134.11687 1
408.60391 408.60391 1
132.83951 132.83951 1
168.41632 168.41632 1
177.28781 177.28781 1
552.35498 552.35498 1
111.50759 111.50759 1
161.39256 161.39256 1
311.60699 311.60699 1
422.97272 422.97272 1
234.09262 234.09262 1
133.73683 133.73683 1
156.47913 156.47913 1
168.53439 168.53439 1
110.01216 110.01216 1
112.42994 112.42994 1
172.73972 172.73972 1
103.47948 103.47948 1
112.44227 112.44227 1
202.95773 202.95773 1
111.38638 111.38638 1
122.07357 122.07357 1
279.95984 279.95984 1
138.9579 138.9579 1
402.74991 402.74991 1
634.28772 634.28772 1
117.6375 117.6375 1
733.62573 733.62573 1
161.56575 161.56575 1
294.93585 294.93585 1
155.31094 155.31094 1
522.98938 522.98938 1
164.47516 164.47516 1
100.71268 100.71268 1
114.23354 114.23354 1
172.20502 172.20502 1
104.84197 104.84197 1
785.77765 785.77765 1
174.18074 174.18074 1
110.56364 110.56364 1
155.76158 155.76158 1
149.37511 149.37511 1
179.39124 179.39124 1
577.2655 577.2655 1
150.24019 150.24019 1
110.6003 110.6003 1
115.39515 115.39515 1
115.22882 115.22882 1
245.68533 245.68533 1
284.48386 284.48386 1
304.89386 304.89386 1
141.31281 141.31281 1
103.89722 103.89722 1
178.42166 178.42166 1
171.38057 171.38057 1
311.06232 311.06232 1
236.3931 236.3931 1
144.23749 144.23749 1
214.89189 214.89189 1
121.05352 121.05352 1
107.39191 107.39191 1
120.15649 120.15649 1
413.88577 413.88577 1
280.99274 280.99274 1
755.80499 755.80499 1
156.28568 156.28568 1
247.53893 247.53893 1
302.63382 302.63382 1
122.64994 122.64994 1
182.67581 182.67581 1
113.7971 113.7971 1
136.76082 136.76082 1
308.68887 308.68887 1
468.77542 468.77542 1
159.22855 159.22855 1
170.52005 170.52005 1
169.6151 169.6151 1
137.34973 137.34973 1
299.71765 299.71765 1
191.2012 191.2012 1
231.29973 231.29973 1
267.67242 267.67242 1
224.31436 224.31436 1
115.79683 115.79683 1
158.5508 158.5508 1
140.24013 140.24013 1
126.87888 126.87888 1
119.94124 119.94124 1
109.08201 109.08201 1
106.90589 106.90589 1
227.64354 227.64354 1
142.64233 142.64233 1
173.55328 173.55328 1
300.73187 300.73187 1
124.32785 124.32785 1
106.83009 106.83009 1
200.29416 200.29416 1
712.50873 712.50873 1
781.49292 781.49292 1
121.41614 121.41614 1
371.55844 371.55844 1
221.94722 221.94722 1
196.27832 196.27832 1
133.21799 133.21799 1
140.44406 140.44406 1
345.47369 345.47369 1
161.31584 161.31584 1
101.01271 101.01271 1
156.26529 156.26529 1
259.19879 259.19879 1
135.57565 135.57565 1
342.90222 342.90222 1
182.2166 182.2166 1
430.67184 430.67184 1
223.21265 223.21265 1
103.01616 103.01616 1
264.88803 264.88803 1
482.78717 482.78717 1
132.04697 132.04697 1
596.1087 596.1087 1
781.9812 781.9812 1
576.17407 576.17407 1
190.34073 190.34073 1
108.5508 108.5508 1
129.10754 129.10754 1
302.69861 302.69861 1
145.18103 145.18103 1
190.29694 190.29694 1
442.33447 442.33447 1
155.16484 155.16484 1
191.91434 191.91434 1
106.07121 106.07121 1
344.94232 344.94232 1
140.58217 140.58217 1
174.56253 174.56253 1
101.0695 101.0695 1
336.35547 336.35547 1
340.33987 340.33987 1
115.17281 115.17281 1
182.21257 182.21257 1
117.54369 117.54369 1
187.35081 187.35081 1
321.08041 321.08041 1
590.04944 590.04944 1
120.86745 120.86745 1
179.494 179.494 1
137.99969 137.99969 1
103.86691 103.86691 1
217.46262 217.46262 1
125.92625 125.92625 1
120.12442 120.12442 1
118.81672 118.81672 1
128.39174 128.39174 1
443.23071 443.23071 1
200.41335 200.41335 1
107.02113 107.02113 1
105.49738 105.49738 1
106.63514 106.63514 1
162.47922 162.47922 1
226.84775 226.84775 1
117.64227 117.64227 1
120.75025 120.75025 1
109.62019 109.62019 1
144.82552 144.82552 1
217.51773 217.51773 1
246.7149 246.7149 1
145.26697 145.26697 1
395.59137 395.59137 1
116.1463 116.1463 1
215.38803 215.38803 1
253.63811 253.63811 1
837.07684 837.07684 1
664.31665 664.31665 1
123.07652 123.07652 1
156.86249 156.86249 1
146.67381 146.67381 1
184.30096 184.30096 1
152.28659 152.28659 1
252.26399 252.26399 1
131.2339 131.2339 1
169.34087 169.34087 1
216.99677 216.99677 1
179.0714 179.0714 1
172.181 172.181 1
217.39734 217.39734 1
431.85779 431.85779 1
288.43149 288.43149 1
114.46033 114.46033 1
621.06201 621.06201 1
205.32599 205.32599 1
136.2769 136.2769 1
591.8772 591.8772 1
229.09172 229.09172 1
135.183 135.183 1
549.63068 549.63068 1
141.51703 141.51703 1
120.46269 120.46269 1
108.29023 108.29023 1
401.48315 401.48315 1
115.83868 115.83868 1
139.92709 139.92709 1
148.21628 148.21628 1
153.12074 153.12074 1
136.86887 136.86887 1
160.31404 160.31404 1
134.34962 134.34962 1
956.57635 956.57635 1
123.66537 123.66537 1
106.62939 106.62939 1
157.90669 157.90669 1
100.74075 100.74075 1
101.92265 101.92265 1
122.13487 122.13487 1
225.52428 225.52428 1
132.3036 132.3036 1
386.03348 386.03348 1
765.82037 765.82037 1
141.1727 141.1727 1
265.82031 265.82031 1
131.28033 131.28033 1
142.43102 142.43102 1
104.62577 104.62577 1
216.28476 216.28476 1
527.34009 527.34009 1
161.80197 161.80197 1
124.0854 124.0854 1
364.57401 364.57401 1
351.2233 351.2233 1
116.20513 116.20513 1
103.54135 103.54135 1
167.33066 167.33066 1
164.04739 164.04739 1
160.19203 160.19203 1
109.23494 109.23494 1
141.22917 141.22917 1
182.32671 182.32671 1
217.73538 217.73538 1
236.55246 236.55246 1
119.71096 119.71096 1
150.38252 150.38252 1
126.37098 126.37098 1
313.67957 313.67957 1
357.91296 357.91296 1
130.14307 130.14307 1
130.66766 130.66766 1
908.3186 908.3186 1
152.73933 152.73933 1
185.48439 185.48439 1
169.30469 169.30469 1
501.4895 501.4895 1
116.65623 116.65623 1
132.53223 132.53223 1
210.98238 210.98238 1
525.8205 525.8205 1
158.06522 158.06522 1
131.7175 131.7175 1
209.9706 209.9706 1
167.48169 167.48169 1
154.81537 154.81537 1
189.84172 189.84172 1
222.2688 222.2688 1
507.26581 507.26581 1
279.61148 279.61148 1
129.74915 129.74915 1
175.45293 175.45293 1
352.76605 352.76605 1
113.00076 113.00076 1
200.91438 200.91438 1
218.58087 218.58087 1
499.06381 499.06381 1
247.9299 247.9299 1
215.2338 215.2338 1
459.27277 459.27277 1
195.42889 195.42889 1
179.85185 179.85185 1
165.58578 165.58578 1
100.29075 100.29075 1
578.54999 578.54999 1
334.37228 334.37228 1
243.29524 243.29524 1
290.25388 290.25388 1
208.24869 208.24869 1
164.7153 164.7153 1
339.36087 339.36087 1
201.83397 201.83397 1
143.38199 143.38199 1
104.16715 104.16715 1
158.65645 158.65645 1
394.82013 394.82013 1
107.00111 107.00111 1
127.607 127.607 1
288.2384 288.2384 1
358.57468 358.57468 1
122.53626 122.53626 1
169.45938 169.45938 1
111.47009 111.47009 1
101.41058 101.41058 1
105.62113 105.62113 1
195.83078 195.83078 1
124.74173 124.74173 1
109.70533 109.70533 1
116.27407 116.27407 1
104.91574 104.91574 1
133.95694 133.95694 1
183.48915 183.48915 1
875.04242 875.04242 1
149.54671 149.54671 1
128.17172 128.17172 1
168.423 168.423 1
861.93427 861.93427 1
137.59351 137.59351 1
271.13388 271.13388 1
175.8932 175.8932 1
792.28815 792.28815 1
220.40065 220.40065 1
275.06485 275.06485 1
105.82733 105.82733 1
135.36115 135.36115 1
110.95842 110.95842 1
127.31688 127.31688 1
248.10486 248.10486 1
696.45038 696.45038 1
434.41296 434.41296 1
151.03357 151.03357 1
262.62192 262.62192 1
136.74164 136.74164 1
112.68802 112.68802 1
115.90585 115.90585 1
168.4615 168.4615 1
109.4219 109.4219 1
142.22006 142.22006 1
115.74911 115.74911 1
606.3844 606.3844 1
111.31059 111.31059 1
101.79461 101.79461 1
222.65752 222.65752 1
599.86346 599.86346 1
100.2623 100.2623 1
381.91229 381.91229 1
114.20621 114.20621 1
167.84932 167.84932 1
649.94928 649.94928 1
117.72141 117.72141 1
135.47229 135.47229 1
112.14544 112.14544 1
298.07938 298.07938 1
125.65047 125.65047 1
648.51892 648.51892 1
847.53162 847.53162 1
204.77307 204.77307 1
117.1107 117.1107 1
104.6864 104.6864 1
473.17554 473.17554 1
212.51485 212.51485 1
321.22626 321.22626 1
182.41234 182.41234 1
103.53909 103.53909 1
248.58398 248.58398 1
243.69843 243.69843 1
281.13123 281.13123 1
152.43457 152.43457 1
140.35828 140.35828 1
481.72809 481.72809 1
186.79634 186.79634 1
203.14085 203.14085 1
245.96049 245.96049 1
196.1725 196.1725 1
249.34201 249.34201 1
153.11778 153.11778 1
107.75391 107.75391 1
148.5463 148.5463 1
108.96643 108.96643 1
163.289 163.289 1
114.63799 114.63799 1
324.41815 324.41815 1
350.29953 350.29953 1
134.61005 134.61005 1
287.57272 287.57272 1
115.73289 115.73289 1
130.55423 130.55423 1
128.61172 128.61172 1
214.94641 214.94641 1
459.80841 459.80841 1
134.20493 134.20493 1
100.29165 100.29165 1
113.60685 113.60685 1
245.56453 245.56453 1
236.65114 236.65114 1
124.03851 124.03851 1
160.98613 160.98613 1
187.09969 187.09969 1
118.92027 118.92027 1
148.3833 148.3833 1
125.96213 125.96213 1
134.01506 134.01506 1
214.71014 214.71014 1
339.08371 339.08371 1
106.9436 106.9436 1
116.76024 116.76024 1
286.4314 286.4314 1
138.91656 138.91656 1
141.89058 141.89058 1
304.92569 304.92569 1
124.49367 124.49367 1
131.01318 131.01318 1
118.49488 118.49488 1
101.85844 101.85844 1
234.91144 234.91144 1
243.32094 243.32094 1
236.66318 236.66318 1
809.33331 809.33331 1
323.39459 323.39459 1
245.19327 245.19327 1
371.71979 371.71979 1
112.20116 112.20116 1
108.38348 108.38348 1
175.26903 175.26903 1
183.67969 183.67969 1
122.11356 122.11356 1
144.65059 144.65059 1
118.26727 118.26727 1
254.66992 254.66992 1
232.57954 232.57954 1
355.185 355.185 1
147.55623 147.55623 1
359.61288 359.61288 1
253.96802 253.96802 1
362.63171 362.63171 1
252.82755 252.82755 1
250.94659 250.94659 1
129.29567 129.29567 1
160.99547 160.99547 1
247.44725 247.44725 1
667.52057 667.52057 1
225.55814 225.55814 1
115.62864 115.62864 1
229.08415 229.08415 1
589.71851 589.71851 1
194.21515 194.21515 1
192.11128 192.11128 1
156.00696 156.00696 1
252.89124 252.89124 1
183.8475 183.8475 1
113.64616 113.64616 1
141.33713 141.33713 1
130.23064 130.23064 1
145.12489 145.12489 1
172.36436 172.36436 1
127.29726 127.29726 1
705.28375 705.28375 1
266.61066 266.61066 1
136.23889 136.23889 1
114.02814 114.02814 1
255.17325 255.17325 1
173.61412 173.61412 1
494.22116 494.22116 1
111.32064 111.32064 1
143.59204 143.59204 1
326.37393 326.37393 1
151.68416 151.68416 1
111.92871 111.92871 1
625.81824 625.81824 1
143.9104 143.9104 1
118.44399 118.44399 1
119.61266 119.61266 1
244.84105 244.84105 1
148.37099 148.37099 1
103.43357 103.43357 1
118.26772 118.26772 1
483.56818 483.56818 1
242.76366 242.76366 1
240.94704 240.94704 1
569.3432 569.3432 1
181.62148 181.62148 1
155.15446 155.15446 1
470.4902 470.4902 1
108.59469 108.59469 1
151.38165 151.38165 1
387.55487 387.55487 1
310.14999 310.14999 1
700.08911 700.08911 1
120.36859 120.36859 1
382.64078 382.64078 1
146.82413 146.82413 1
142.80756 142.80756 1
331.47403 331.47403 1
125.90464 125.90464 1
192.13979 192.13979 1
445.45264 445.45264 1
879.12854 879.12854 1
143.0934 143.0934 1
100.97214 100.97214 1
215.36852 215.36852 1
105.96354 105.96354 1
166.76312 166.76312 1
471.22202 471.22202 1
130.80019 130.80019 1
236.10394 236.10394 1
114.14396 114.14396 1
113.02919 113.02919 1
296.55194 296.55194 1
141.71979 141.71979 1
158.43187 158.43187 1
244.18851 244.18851 1
162.98155 162.98155 1
330.07294 330.07294 1
142.36142 142.36142 1
115.97612 115.97612 1
176.56937 176.56937 1
643.6698 643.6698 1
122.59479 122.59479 1
231.34702 231.34702 1
124.31776 124.31776 1
110.12332 110.12332 1
239.71214 239.71214 1
122.22618 122.22618 1
128.17532 128.17532 1
243.56528 243.56528 1
199.26364 199.26364 1
118.14726 118.14726 1
124.76624 124.76624 1
168.65067 168.65067 1
143.93996 143.93996 1
101.58973 101.58973 1
119.65084 119.65084 1
976.47198 976.47198 1
183.90611 183.90611 1
148.84557 148.84557 1
214.70421 214.70421 1
218.19272 218.19272 1
259.47321 259.47321 1
207.72078 207.72078 1
119.20198 119.20198 1
200.43344 200.43344 1
200.74399 200.74399 1
143.28398 143.28398 1
123.43247 123.43247 1
100.83655 100.83655 1
873.31641 873.31641 1
488.15149 488.15149 1
135.43297 135.43297 1
126.77371 126.77371 1
166.32622 166.32622 1
177.55685 177.55685 1
160.75891 160.75891 1
121.06464 121.06464 1
245.93246 245.93246 1
216.54655 216.54655 1
413.61212 413.61212 1
234.28888 234.28888 1
269.66934 269.66934 1
151.79544 151.79544 1
131.36459 131.36459 1
222.35399 222.35399 1
153.54111 153.54111 1
165.43431 165.43431 1
109.73425 109.73425 1
474.76825 474.76825 1
110.20354 110.20354 1
236.74472 236.74472 1
119.69713 119.69713 1
139.63017 139.63017 1
147.51808 147.51808 1
320.71002 320.71002 1
465.20959 465.20959 1
102.39872 102.39872 1
101.67679 101.67679 1
330.6763 330.6763 1
208.03923 208.03923 1
162.77332 162.77332 1
151.46048 151.46048 1
202.53105 202.53105 1
303.57379 303.57379 1
185.27992 185.27992 1
109.0172 109.0172 1
119.0822 119.0822 1
108.84092 108.84092 1
140.88321 140.88321 1
115.29033 115.29033 1
102.43975 102.43975 1
116.56333 116.56333 1
322.85352 322.85352 1
525.88635 525.88635 1
237.39767 237.39767 1
245.29626 245.29626 1
466.33121 466.33121 1
152.67026 152.67026 1
127.61406 127.61406 1
289.79156 289.79156 1
301.96237 301.96237 1
103.84441 103.84441 1
526.80884 526.80884 1
182.13977 182.13977 1
112.72856 112.72856 1
261.33658 261.33658 1
366.94717 366.94717 1
107.08717 107.08717 1
117.7056 117.7056 1
245.78027 245.78027 1
972.2583 972.2583 1
238.70673 238.70673 1
135.85599 135.85599 1
333.01828 333.01828 1
177.02657 177.02657 1
189.18372 189.18372 1
101.75141 101.75141 1
104.39809 104.39809 1
116.15219 116.15219 1
467.06638 467.06638 1
191.62857 191.62857 1
154.72978 154.72978 1
538.35602 538.35602 1
551.80896 551.80896 1
127.42927 127.42927 1
240.36301 240.36301 1
203.61884 203.61884 1
105.46579 105.46579 1
240.84846 240.84846 1
119.48782 119.48782 1
637.80896 637.80896 1
674.94531 674.94531 1
263.2919 263.2919 1
292.54581 292.54581 1
130.19592 130.19592 1
148.6178 148.6178 1
128.05647 128.05647 1
193.86583 193.86583 1
293.83737 293.83737 1
156.517 156.517 1
159.67566 159.67566 1
117.59658 117.59658 1
302.42563 302.42563 1
146.70522 146.70522 1
111.96953 111.96953 1
206.65681 206.65681 1
119.00771 119.00771 1
537.71942 537.71942 1
111.4063 111.4063 1
162.04324 162.04324 1
403.44315 403.44315 1
118.59946 118.59946 1
251.03073 251.03073 1
174.65994 174.65994 1
609.96259 609.96259 1
809.33478 809.33478 1
223.4288 223.4288 1
103.45006 103.45006 1
102.12197 102.12197 1
130.98192 130.98192 1
131.28654 131.28654 1
109.34267 109.34267 1
126.15013 126.15013 1
106.49482 106.49482 1
310.83401 310.83401 1
105.50529 105.50529 1
160.80527 160.80527 1
150.34558 150.34558 1
163.75397 163.75397 1
199.39316 199.39316 1
171.52884 171.52884 1
132.61241 132.61241 1
101.80541 101.80541 1
105.18702 105.18702 1
198.9967 198.9967 1
144.4964 144.4964 1
151.59402 151.59402 1
113.4258 113.4258 1
252.85962 252.85962 1
133.92824 133.92824 1
237.42676 237.42676 1
188.0222 188.0222 1
392.67148 392.67148 1
122.44545 122.44545 1
150.53049 150.53049 1
202.59799 202.59799 1
183.00775 183.00775 1
141.44142 141.44142 1
226.45259 226.45259 1
121.89021 121.89021 1
122.76484 122.76484 1
109.18988 109.18988 1
116.8701 116.8701 1
103.20169 103.20169 1
333.36667 333.36667 1
127.22041 127.22041 1
255.5378 255.5378 1
134.91562 134.91562 1
205.00565 205.00565 1
210.00362 210.00362 1
213.74927 213.74927 1
270.83362 270.83362 1
105.70612 105.70612 1
104.07501 104.07501 1
164.73468 164.73468 1
102.52453 102.52453 1
206.46837 206.46837 1
519.80566 519.80566 1
120.65215 120.65215 1
160.12793 160.12793 1
103.67069 103.67069 1
532.26801 532.26801 1
133.36664 133.36664 1
171.6765 171.6765 1
123.16568 123.16568 1
178.39284 178.39284 1
151.02321 151.02321 1
174.53732 174.53732 1
106.86613 106.86613 1
109.59526 109.59526 1
249.94084 249.94084 1
215.94339 215.94339 1
372.55276 372.55276 1
169.91461 169.91461 1
229.10831 229.10831 1
122.7008 122.7008 1
477.60672 477.60672 1
116.62547 116.62547 1
352.00333 352.00333 1
171.32465 171.32465 1
293.46783 293.46783 1
108.4791 108.4791 1
139.64764 139.64764 1
134.05682 134.05682 1
154.46118 154.46118 1
108.87629 108.87629 1
114.52118 114.52118 1
124.13604 124.13604 1
416.56915 416.56915 1
304.43466 304.43466 1
143.16518 143.16518 1
887.00854 887.00854 1
129.14134 129.14134 1
317.07343 317.07343 1
135.47687 135.47687 1
223.12872 223.12872 1
355.04376 355.04376 1
105.3063 105.3063 1
131.90872 131.90872 1
124.17067 124.17067 1
452.81866 452.81866 1
120.03432 120.03432 1
126.15333 126.15333 1
281.72897 281.72897 1
226.39763 226.39763 1
566.28625 566.28625 1
227.47757 227.47757 1
662.71301 662.71301 1
188.69809 188.69809 1
129.44977 129.44977 1
753.84296 753.84296 1
101.54337 101.54337 1
473.13715 473.13715 1
465.30341 465.30341 1
118.08552 118.08552 1
115.02508 115.02508 1
218.61754 218.61754 1
185.09372 185.09372 1
126.10241 126.10241 1
674.72272 674.72272 1
101.67429 101.67429 1
136.33202 136.33202 1
234.78949 234.78949 1
276.09058 276.09058 1
162.62738 162.62738 1
117.22078 117.22078 1
258.15894 258.15894 1
221.60478 221.60478 1
138.54599 138.54599 1
298.6994 298.6994 1
108.85199 108.85199 1
842.54169 842.54169 1
324.24799 324.24799 1
168.68954 168.68954 1
296.06219 296.06219 1
306.6044 306.6044 1
126.27153 126.27153 1
126.0114 126.0114 1
133.8492 133.8492 1
214.75856 214.75856 1
187.48041 187.48041 1
101.63195 101.63195 1
166.78366 166.78366 1
349.47815 349.47815 1
132.36919 132.36919 1
168.84583 168.84583 1
125.98854 125.98854 1
499.72983 499.72983 1
202.34442 202.34442 1
263.53506 263.53506 1
134.97144 134.97144 1
195.73677 195.73677 1
216.70201 216.70201 1
225.11508 225.11508 1
125.14195 125.14195 1
174.35774 174.35774 1
134.90323 134.90323 1
124.89438 124.89438 1
111.81865 111.81865 1
196.11571 196.11571 1
291.2912 291.2912 1
170.41016 170.41016 1
102.51611 102.51611 1
192.8205 192.8205 1
643.5014 643.5014 1
156.2146 156.2146 1
144.84534 144.84534 1
139.50192 139.50192 1
287.53217 287.53217 1
330.37558 330.37558 1
179.33047 179.33047 1
293.18607 293.18607 1
122.77449 122.77449 1
333.28894 333.28894 1
643.77386 643.77386 1
231.30617 231.30617 1
193.43362 193.43362 1
122.946 122.946 1
109.1269 109.1269 1
222.18823 222.18823 1
135.99696 135.99696 1
133.55795 133.55795 1
119.71848 119.71848 1
113.87565 113.87565 1
100.87225 100.87225 1
219.48615 219.48615 1
621.93109 621.93109 1
197.94206 197.94206 1
156.77438 156.77438 1
109.16841 109.16841 1
357.99628 357.99628 1
188.96747 188.96747 1
379.68918 379.68918 1
121.30103 121.30103 1
614.03339 614.03339 1
957.53528 957.53528 1
224.37537 224.37537 1
296.26416 296.26416 1
407.58871 407.58871 1
200.0197 200.0197 1
933.40131 933.40131 1
143.26866 143.26866 1
414.13855 414.13855 1
204.16638 204.16638 1
180.48709 180.48709 1
118.75342 118.75342 1
366.88651 366.88651 1
133.64548 133.64548 1
103.9937 103.9937 1
109.42627 109.42627 1
142.37085 142.37085 1
926.42786 926.42786 1
239.9976 239.9976 1
486.48047 486.48047 1
912.7887 912.7887 1
109.76796 109.76796 1
433.2962 433.2962 1
629.28632 629.28632 1
884.94312 884.94312 1
328.5817 328.5817 1
346.62045 346.62045 1
271.42169 271.42169 1
188.87114 188.87114 1
277.73956 277.73956 1
123.87392 123.87392 1
103.90308 103.90308 1
128.51756 128.51756 1
197.69951 197.69951 1
110.67615 110.67615 1
979.66022 979.66022 1
260.70868 260.70868 1
179.42084 179.42084 1
100.79786 100.79786 1
165.30894 165.30894 1
391.0141 391.0141 1
380.32776 380.32776 1
222.30647 222.30647 1
238.65724 238.65724 1
398.16772 398.16772 1
378.44559 378.44559 1
160.64919 160.64919 1
207.36636 207.36636 1
139.25992 139.25992 1
103.47727 103.47727 1
196.2708 196.2708 1
163.89252 163.89252 1
112.56837 112.56837 1
216.85326 216.85326 1
398.17804 398.17804 1
113.1199 113.1199 1
118.25544 118.25544 1
930.66333 930.66333 1
143.70493 143.70493 1
330.79669 330.79669 1
417.92609 417.92609 1
266.09131 266.09131 1
880.69543 880.69543 1
158.89629 158.89629 1
237.1917 237.1917 1
163.45073 163.45073 1
173.73993 173.73993 1
139.01266 139.01266 1
127.12134 127.12134 1
102.35053 102.35053 1
129.04814 129.04814 1
314.1123 314.1123 1
339.77682 339.77682 1
330.50424 330.50424 1
102.31703 102.31703 1
155.55899 155.55899 1
259.72247 259.72247 1
480.5838 480.5838 1
112.74355 112.74355 1
186.57132 186.57132 1
614.37366 614.37366 1
156.74292 156.74292 1
159.37605 159.37605 1
165.87369 165.87369 1
134.53535 134.53535 1
323.44312 323.44312 1
159.58315 159.58315 1
299.14124 299.14124 1
222.47684 222.47684 1
127.41529 127.41529 1
634.54224 634.54224 1
139.07344 139.07344 1
212.84612 212.84612 1
142.35909 142.35909 1
108.5048 108.5048 1
161.05049 161.05049 1
588.12573 588.12573 1
143.40715 143.40715 1
119.48306 119.48306 1
161.37619 161.37619 1
163.81467 163.81467 1
111.995 111.995 1
296.70087 296.70087 1
164.10651 164.10651 1
177.81488 177.81488 1
468.37393 468.37393 1
199.41528 199.41528 1
130.01514 130.01514 1
124.27625 124.27625 1
121.12109 121.12109 1
126.74791 126.74791 1
156.74042 156.74042 1
137.98578 137.98578 1
109.04672 109.04672 1
252.72356 252.72356 1
107.52084 107.52084 1
332.08005 332.08005 1
111.01228 111.01228 1
183.00797 183.00797 1
102.24895 102.24895 1
106.54138 106.54138 1
116.91861 116.91861 1
379.12939 379.12939 1
321.81427 321.81427 1
104.6309 104.6309 1
159.23018 159.23018 1
154.65782 154.65782 1
130.73314 130.73314 1
149.66495 149.66495 1
177.23743 177.23743 1
103.06255 103.06255 1
106.68192 106.68192 1
192.5654 192.5654 1
212.95154 212.95154 1
102.77409 102.77409 1
485.6449 485.6449 1
156.15314 156.15314 1
112.42941 112.42941 1
226.40259 226.40259 1
167.73447 167.73447 1
591.85742 591.85742 1
127.06032 127.06032 1
103.29482 103.29482 1
127.74837 127.74837 1
168.69896 168.69896 1
457.87927 457.87927 1
110.62622 110.62622 1
168.08438 168.08438 1
125.21489 125.21489 1
121.36904 121.36904 1
190.71088 190.71088 1
114.13251 114.13251 1
222.55672 222.55672 1
113.10376 113.10376 1
158.14453 158.14453 1
515.35565 515.35565 1
186.71196 186.71196 1
104.81457 104.81457 1
111.71383 111.71383 1
126.72499 126.72499 1
124.98306 124.98306 1
446.2399 446.2399 1
158.62665 158.62665 1
149.16092 149.16092 1
128.06039 128.06039 1
112.64757 112.64757 1
143.93149 143.93149 1
158.62642 158.62642 1
168.41371 168.41371 1
102.24497 102.24497 1
130.44492 130.44492 1
157.03296 157.03296 1
202.48584 202.48584 1
120.12614 120.12614 1
620.70428 620.70428 1
310.48514 310.48514 1
170.08699 170.08699 1
144.97583 144.97583 1
106.79198 106.79198 1
145.16409 145.16409 1
172.19528 172.19528 1
883.55505 883.55505 1
170.00119 170.00119 1
254.27222 254.27222 1
312.931 312.931 1
138.89458 138.89458 1
164.62715 164.62715 1
167.87202 167.87202 1
378.06168 378.06168 1
107.01418 107.01418 1
125.8081 125.8081 1
282.27783 282.27783 1
129.2747 129.2747 1
167.0757 167.0757 1
109.53803 109.53803 1
894.65735 894.65735 1
118.35432 118.35432 1
479.11887 479.11887 1
239.40811 239.40811 1
119.05737 119.05737 1
128.65947 128.65947 1
144.46107 144.46107 1
131.88252 131.88252 1
310.25406 310.25406 1
142.69113 142.69113 1
199.70782 199.70782 1
105.63155 105.63155 1
278.95654 278.95654 1
104.1371 104.1371 1
170.56087 170.56087 1
133.23839 133.23839 1
461.41901 461.41901 1
934.25525 934.25525 1
275.29807 275.29807 1
122.35247 122.35247 1
301.62885 301.62885 1
144.0612 144.0612 1
287.54187 287.54187 1
100.9748 100.9748 1
141.29872 141.29872 1
107.99009 107.99009 1
280.18924 280.18924 1
137.87946 137.87946 1
114.30938 114.30938 1
132.87988 132.87988 1
121.81177 121.81177 1
102.4569 102.4569 1
178.36394 178.36394 1
124.98864 124.98864 1
165.84564 165.84564 1
112.34338 112.34338 1
135.46759 135.46759 1
122.23396 122.23396 1
458.86188 458.86188 1
699.01245 699.01245 1
137.55054 137.55054 1
105.82735 105.82735 1
339.04254 339.04254 1
123.92625 123.92625 1
255.80737 255.80737 1
110.02471 110.02471 1
145.41351 145.41351 1
104.38329 104.38329 1
104.73438 104.73438 1
526.72168 526.72168 1
119.35652 119.35652 1
156.05106 156.05106 1
416.61954 416.61954 1
124.76527 124.76527 1
251.45216 251.45216 1
161.61583 161.61583 1
162.16319 162.16319 1
106.65514 106.65514 1
282.58249 282.58249 1
190.80542 190.80542 1
158.6208 158.6208 1
100.88426 100.88426 1
244.96152 244.96152 1
488.01221 488.01221 1
108.88 108.88 1
381.49033 381.49033 1
498.36359 498.36359 1
105.98193 105.98193 1
127.36982 127.36982 1
472.40637 472.40637 1
100.51403 100.51403 1
134.23688 134.23688 1
114.0252 114.0252 1
123.45699 123.45699 1
822.61877 822.61877 1
553.91003 553.91003 1
112.08943 112.08943 1
138.7771 138.7771 1
385.4736 385.4736 1
128.16881 128.16881 1
229.31456 229.31456 1
145.29201 145.29201 1
297.02103 297.02103 1
104.88383 104.88383 1
154.34348 154.34348 1
184.92369 184.92369 1
107.09258 107.09258 1
112.29765 112.29765 1
100.33034 100.33034 1
240.73729 240.73729 1
114.69903 114.69903 1
168.27393 168.27393 1
108.1367 108.1367 1
113.45967 113.45967 1
130.28194 130.28194 1
535.47241 535.47241 1
128.4883 128.4883 1
111.01411 111.01411 1
130.1308 130.1308 1
226.78006 226.78006 1
186.45219 186.45219 1
103.81368 103.81368 1
143.13634 143.13634 1
120.83656 120.83656 1
108.28983 108.28983 1
109.70259 109.70259 1
316.24734 316.24734 1
228.3541 228.3541 1
177.08687 177.08687 1
380.20496 380.20496 1
801.33142 801.33142 1
214.56134 214.56134 1
580.039 580.039 1
162.38794 162.38794 1
102.22924 102.22924 1
113.04624 113.04624 1
121.7711 121.7711 1
275.3605 275.3605 1
177.93451 177.93451 1
129.56689 129.56689 1
107.27739 107.27739 1
148.48248 148.48248 1
215.40201 215.40201 1
118.65271 118.65271 1
389.46417 389.46417 1
137.42493 137.42493 1
100.76277 100.76277 1
100.4887 100.4887 1
171.62555 171.62555 1
119.63808 119.63808 1
116.694 116.694 1
797.24371 797.24371 1
166.54088 166.54088 1
186.9785 186.9785 1
107.25837 107.25837 1
103.54438 103.54438 1
226.33705 226.33705 1
653.97198 653.97198 1
160.30647 160.30647 1
118.58165 118.58165 1
105.81663 105.81663 1
111.1643 111.1643 1
104.89799 104.89799 1
108.41715 108.41715 1
107.38156 107.38156 1
583.86322 583.86322 1
111.23487 111.23487 1
124.11507 124.11507 1
122.15476 122.15476 1
244.38261 244.38261 1
226.62611 226.62611 1
270.71576 270.71576 1
126.81624 126.81624 1
146.50179 146.50179 1
103.18542 103.18542 1
121.48844 121.48844 1
108.10343 108.10343 1
299.79034 299.79034 1
119.81884 119.81884 1
128.85625 128.85625 1
188.3002 188.3002 1
318.82928 318.82928 1
151.59038 151.59038 1
198.95512 198.95512 1
359.50021 359.50021 1
256.98685 256.98685 1
658.48114 658.48114 1
135.17752 135.17752 1
249.73273 249.73273 1
121.50253 121.50253 1
664.6344 664.6344 1
112.58161 112.58161 1
271.92703 271.92703 1
190.70218 190.70218 1
150.18471 150.18471 1
272.46909 272.46909 1
331.83337 331.83337 1
247.34456 247.34456 1
281.92813 281.92813 1
279.39874 279.39874 1
262.37579 262.37579 1
258.7579 258.7579 1
137.20557 137.20557 1
270.98108 270.98108 1
340.50812 340.50812 1
126.99276 126.99276 1
177.19276 177.19276 1
440.20419 440.20419 1
181.85352 181.85352 1
193.23102 193.23102 1
118.92817 118.92817 1
127.99984 127.99984 1
101.95744 101.95744 1
148.55594 148.55594 1
806.99243 806.99243 1
653.03058 653.03058 1
581.84747 581.84747 1
156.02954 156.02954 1
233.57515 233.57515 1
164.61072 164.61072 1
310.33691 310.33691 1
501.60956 501.60956 1
141.56273 141.56273 1
114.59842 114.59842 1
146.41342 146.41342 1
164.45451 164.45451 1
203.94533 203.94533 1
268.30255 268.30255 1
144.9753 144.9753 1
382.80072 382.80072 1
204.90588 204.90588 1
100.13062 100.13062 1
102.8539 102.8539 1
121.30248 121.30248 1
309.30606 309.30606 1
399.91644 399.91644 1
126.27975 126.27975 1
162.68863 162.68863 1
112.52096 112.52096 1
598.42712 598.42712 1
107.49857 107.49857 1
298.11722 298.11722 1
273.58392 273.58392 1
213.81636 213.81636 1
100.75883 100.75883 1
126.55409 126.55409 1
116.83824 116.83824 1
113.31382 113.31382 1
141.71336 141.71336 1
141.40594 141.40594 1
109.60624 109.60624 1
114.85561 114.85561 1
140.76077 140.76077 1
110.72386 110.72386 1
128.90897 128.90897 1
939.13947 939.13947 1
129.44283 129.44283 1
415.20901 415.20901 1
281.12997 281.12997 1
264.40283 264.40283 1
189.03462 189.03462 1
217.1942 217.1942 1
110.71095 110.71095 1
140.31462 140.31462 1
264.6972 264.6972 1
469.32629 469.32629 1
570.95062 570.95062 1
484.15332 484.15332 1
121.03641 121.03641 1
114.10942 114.10942 1
430.81998 430.81998 1
272.42813 272.42813 1
103.00386 103.00386 1
171.75403 171.75403 1
199.08401 199.08401 1
199.80673 199.80673 1
338.69177 338.69177 1
256.63733 256.63733 1
316.58081 316.58081 1
163.28401 163.28401 1
127.107 127.107 1
405.45468 405.45468 1
102.30162 102.30162 1
183.65067 183.65067 1
693.16046 693.16046 1
121.98624 121.98624 1
110.40234 110.40234 1
158.11488 158.11488 1
210.02499 210.02499 1
198.35301 198.35301 1
378.46716 378.46716 1
161.92563 161.92563 1
227.50117 227.50117 1
196.73286 196.73286 1
118.53315 118.53315 1
128.44731 128.44731 1
162.16354 162.16354 1
