Fracture Radii List After Isolated Fracture and Cluster Removal
Format: xRadius yRadius Family# (-2 = userPolygon, -1 = userRectangle, 0 = userEllipse, > 0 is family in order of famProb)
50000 50000 -1
50000 50000 -1
112.069 112.069 1
212.449 212.449 1
320.21 320.21 1
109.791 109.791 1
147.598 147.598 1
126.425 126.425 1
114.71 114.71 1
104.656 104.656 1
191.022 191.022 1
165.812 165.812 1
255.315 255.315 1
112.737 112.737 1
715.647 715.647 1
127.293 127.293 1
108.008 108.008 1
132.804 132.804 1
170.379 170.379 1
327.399 327.399 1
222.352 222.352 1
240.16 240.16 1
131.217 131.217 1
593.307 593.307 1
127.788 127.788 1
119.919 119.919 1
120.409 120.409 1
276.301 276.301 1
448.815 448.815 1
173.109 173.109 1
163.81 163.81 1
653.391 653.391 1
889.21 889.21 1
321.747 321.747 1
137.701 137.701 1
222.355 222.355 1
149.37 149.37 1
157.992 157.992 1
337.336 337.336 1
244.033 244.033 1
302.526 302.526 1
254.798 254.798 1
373.278 373.278 1
205.721 205.721 1
454.238 454.238 1
149.314 149.314 1
104.473 104.473 1
251.728 251.728 1
801.026 801.026 1
168.422 168.422 1
101.167 101.167 1
916.462 916.462 1
142.718 142.718 1
138.721 138.721 1
716.674 716.674 1
107.734 107.734 1
426.121 426.121 1
127.137 127.137 1
123.228 123.228 1
147.181 147.181 1
172.346 172.346 1
130.256 130.256 1
130.007 130.007 1
147.669 147.669 1
106.934 106.934 1
339.31 339.31 1
102.834 102.834 1
179.333 179.333 1
235.362 235.362 1
178.312 178.312 1
119.932 119.932 1
842.373 842.373 1
200.135 200.135 1
240.576 240.576 1
182.001 182.001 1
135.773 135.773 1
291.021 291.021 1
176.078 176.078 1
284.058 284.058 1
611.273 611.273 1
107.647 107.647 1
150.477 150.477 1
169.677 169.677 1
103.245 103.245 1
444.239 444.239 1
923.421 923.421 1
280.001 280.001 1
177.221 177.221 1
141.321 141.321 1
122.006 122.006 1
119.55 119.55 1
403.75 403.75 1
116.149 116.149 1
186.226 186.226 1
520.642 520.642 1
133.615 133.615 1
707.576 707.576 1
121.688 121.688 1
111.591 111.591 1
257.368 257.368 1
177.384 177.384 1
190.938 190.938 1
162.126 162.126 1
299.982 299.982 1
410.699 410.699 1
650.797 650.797 1
808.402 808.402 1
107.954 107.954 1
138.981 138.981 1
130.858 130.858 1
127.286 127.286 1
178.248 178.248 1
625.664 625.664 1
111.956 111.956 1
202.357 202.357 1
135.049 135.049 1
127.793 127.793 1
231.947 231.947 1
421.508 421.508 1
307.13 307.13 1
145.196 145.196 1
114.154 114.154 1
107.725 107.725 1
123.561 123.561 1
129.181 129.181 1
113.127 113.127 1
239.267 239.267 1
252.94 252.94 1
237.805 237.805 1
254.165 254.165 1
237.587 237.587 1
115.581 115.581 1
349.838 349.838 1
107.46 107.46 1
123.924 123.924 1
152.029 152.029 1
474.54 474.54 1
154.31 154.31 1
167.649 167.649 1
685.045 685.045 1
544.566 544.566 1
140.951 140.951 1
185.756 185.756 1
277.611 277.611 1
109.046 109.046 1
106.144 106.144 1
131.225 131.225 1
102.235 102.235 1
100.834 100.834 1
298.937 298.937 1
102.267 102.267 1
332.489 332.489 1
238.399 238.399 1
142.289 142.289 1
153.5 153.5 1
163.785 163.785 1
384.399 384.399 1
245.879 245.879 1
299.633 299.633 1
231.094 231.094 1
237.592 237.592 1
102.854 102.854 1
171.858 171.858 1
164.437 164.437 1
198.656 198.656 1
193.517 193.517 1
109.314 109.314 1
141.075 141.075 1
150.087 150.087 1
207.566 207.566 1
403.73 403.73 1
106.87 106.87 1
178.693 178.693 1
180.176 180.176 1
113.605 113.605 1
145.645 145.645 1
116.512 116.512 1
111.981 111.981 1
154.527 154.527 1
127.638 127.638 1
104.42 104.42 1
118.847 118.847 1
151.792 151.792 1
101.2 101.2 1
259.442 259.442 1
144.928 144.928 1
263.938 263.938 1
125.878 125.878 1
220.973 220.973 1
123.993 123.993 1
110.937 110.937 1
102.83 102.83 1
107.593 107.593 1
353.148 353.148 1
134.866 134.866 1
103.584 103.584 1
704.483 704.483 1
108.403 108.403 1
107.627 107.627 1
146.225 146.225 1
164.894 164.894 1
118.051 118.051 1
242.287 242.287 1
117.003 117.003 1
140.273 140.273 1
123.765 123.765 1
514.722 514.722 1
188.719 188.719 1
665.645 665.645 1
237.561 237.561 1
360.957 360.957 1
273.449 273.449 1
125.675 125.675 1
125.886 125.886 1
293.191 293.191 1
129.397 129.397 1
108.603 108.603 1
115.692 115.692 1
973.186 973.186 1
115.912 115.912 1
365.132 365.132 1
232.402 232.402 1
132.352 132.352 1
114.483 114.483 1
369.915 369.915 1
577.584 577.584 1
362.466 362.466 1
178.929 178.929 1
790.719 790.719 1
163.107 163.107 1
270.996 270.996 1
649.869 649.869 1
389.771 389.771 1
751.418 751.418 1
127.916 127.916 1
112.339 112.339 1
332.198 332.198 1
553.442 553.442 1
140.924 140.924 1
664.827 664.827 1
745.451 745.451 1
519.222 519.222 1
363.455 363.455 1
206.905 206.905 1
333.749 333.749 1
468.798 468.798 1
362.98 362.98 1
473.948 473.948 1
170.013 170.013 1
140.877 140.877 1
113.872 113.872 1
809.574 809.574 1
170.029 170.029 1
122.572 122.572 1
161.961 161.961 1
229.069 229.069 1
227.9 227.9 1
150.133 150.133 1
260.637 260.637 1
178.94 178.94 1
142.826 142.826 1
142.71 142.71 1
130.904 130.904 1
390.054 390.054 1
104.783 104.783 1
107.946 107.946 1
126.036 126.036 1
354.854 354.854 1
108.805 108.805 1
179.722 179.722 1
103.425 103.425 1
100.155 100.155 1
120.127 120.127 1
114.867 114.867 1
186.422 186.422 1
208.58 208.58 1
189.527 189.527 1
355.639 355.639 1
171.757 171.757 1
126.377 126.377 1
125.623 125.623 1
269.338 269.338 1
139.931 139.931 1
150.459 150.459 1
129.542 129.542 1
130.846 130.846 1
185.121 185.121 1
135.518 135.518 1
127.601 127.601 1
248.653 248.653 1
320.367 320.367 1
197.583 197.583 1
181.789 181.789 1
453.993 453.993 1
204.706 204.706 1
128.467 128.467 1
183.006 183.006 1
279.017 279.017 1
321.176 321.176 1
152.264 152.264 1
229.99 229.99 1
159.312 159.312 1
132.589 132.589 1
105.051 105.051 1
186.949 186.949 1
284.646 284.646 1
376.127 376.127 1
130.865 130.865 1
247.051 247.051 1
126.911 126.911 1
334.837 334.837 1
360.574 360.574 1
556.014 556.014 1
220.584 220.584 1
101.481 101.481 1
219.936 219.936 1
305.599 305.599 1
149.12 149.12 1
118.6 118.6 1
334.687 334.687 1
251.641 251.641 1
125.296 125.296 1
153.03 153.03 1
114.448 114.448 1
109.315 109.315 1
438.291 438.291 1
128.475 128.475 1
220.98 220.98 1
173.196 173.196 1
184.424 184.424 1
209.61 209.61 1
556.743 556.743 1
536.541 536.541 1
334.767 334.767 1
133.284 133.284 1
153.743 153.743 1
187.363 187.363 1
155.288 155.288 1
414.818 414.818 1
370.134 370.134 1
303.507 303.507 1
102.349 102.349 1
116.35 116.35 1
397.576 397.576 1
188.078 188.078 1
251.39 251.39 1
107.901 107.901 1
133.348 133.348 1
212.017 212.017 1
111.489 111.489 1
185.702 185.702 1
110.509 110.509 1
107.422 107.422 1
105.156 105.156 1
265.465 265.465 1
208.701 208.701 1
190.801 190.801 1
586.271 586.271 1
137.492 137.492 1
941.15 941.15 1
564.936 564.936 1
130.305 130.305 1
427.128 427.128 1
447.782 447.782 1
135.052 135.052 1
118.903 118.903 1
148.97 148.97 1
257.062 257.062 1
353.879 353.879 1
174.975 174.975 1
296.512 296.512 1
108.211 108.211 1
154.286 154.286 1
204.561 204.561 1
295.236 295.236 1
113.872 113.872 1
243.274 243.274 1
128.42 128.42 1
113.778 113.778 1
416.35 416.35 1
133.978 133.978 1
194.397 194.397 1
314.605 314.605 1
146.615 146.615 1
226.607 226.607 1
122.166 122.166 1
152.168 152.168 1
308.757 308.757 1
128.372 128.372 1
129.877 129.877 1
109.286 109.286 1
102.297 102.297 1
116.982 116.982 1
724.168 724.168 1
464.744 464.744 1
120.318 120.318 1
152.746 152.746 1
166.126 166.126 1
206.353 206.353 1
307.884 307.884 1
146.325 146.325 1
113.711 113.711 1
350.961 350.961 1
151.923 151.923 1
126.862 126.862 1
597.153 597.153 1
117.244 117.244 1
125.436 125.436 1
154.22 154.22 1
371.485 371.485 1
601.983 601.983 1
173.303 173.303 1
543.232 543.232 1
128.561 128.561 1
139.487 139.487 1
749.245 749.245 1
211.761 211.761 1
160.646 160.646 1
173.405 173.405 1
143.471 143.471 1
197.058 197.058 1
461.934 461.934 1
892.341 892.341 1
325.534 325.534 1
165.812 165.812 1
106.224 106.224 1
167.875 167.875 1
148.853 148.853 1
285.358 285.358 1
115.352 115.352 1
185.559 185.559 1
193.013 193.013 1
281.829 281.829 1
127.084 127.084 1
153.033 153.033 1
112.19 112.19 1
157.614 157.614 1
680.577 680.577 1
236.771 236.771 1
222.904 222.904 1
145.962 145.962 1
521.373 521.373 1
155.247 155.247 1
185.299 185.299 1
429.541 429.541 1
109.502 109.502 1
139.851 139.851 1
103.994 103.994 1
119.486 119.486 1
106.098 106.098 1
161.046 161.046 1
101.118 101.118 1
182.89 182.89 1
667.794 667.794 1
185.874 185.874 1
287.293 287.293 1
109.955 109.955 1
144.856 144.856 1
135.297 135.297 1
147.599 147.599 1
106.069 106.069 1
331.18 331.18 1
186.893 186.893 1
117.483 117.483 1
119.681 119.681 1
113.722 113.722 1
257.428 257.428 1
173.617 173.617 1
129.962 129.962 1
105.421 105.421 1
131.617 131.617 1
111.2 111.2 1
123.739 123.739 1
100.85 100.85 1
122.806 122.806 1
163.141 163.141 1
105.142 105.142 1
139.722 139.722 1
115.94 115.94 1
453.199 453.199 1
130.83 130.83 1
108.301 108.301 1
218.025 218.025 1
116.417 116.417 1
154.083 154.083 1
903.483 903.483 1
381.483 381.483 1
104.403 104.403 1
146.782 146.782 1
367.212 367.212 1
210.897 210.897 1
135.438 135.438 1
103.203 103.203 1
107.732 107.732 1
105.038 105.038 1
125.524 125.524 1
142.289 142.289 1
160.186 160.186 1
194.485 194.485 1
133.699 133.699 1
136.137 136.137 1
363.806 363.806 1
103.118 103.118 1
356.384 356.384 1
107.528 107.528 1
102.855 102.855 1
213.926 213.926 1
113.071 113.071 1
114.729 114.729 1
130.413 130.413 1
392.615 392.615 1
414.688 414.688 1
118.334 118.334 1
506.158 506.158 1
242.436 242.436 1
541.703 541.703 1
143.082 143.082 1
132.021 132.021 1
102.16 102.16 1
608.793 608.793 1
290.152 290.152 1
208.22 208.22 1
106.465 106.465 1
298.497 298.497 1
108.698 108.698 1
107.938 107.938 1
125.827 125.827 1
169.46 169.46 1
129.891 129.891 1
111.435 111.435 1
187.737 187.737 1
287.329 287.329 1
125.923 125.923 1
128.67 128.67 1
102.982 102.982 1
134.574 134.574 1
142.291 142.291 1
140.965 140.965 1
104.462 104.462 1
157.419 157.419 1
201.195 201.195 1
148.223 148.223 1
251.391 251.391 1
103.873 103.873 1
238.704 238.704 1
107.553 107.553 1
110.509 110.509 1
135.821 135.821 1
102.51 102.51 1
187.107 187.107 1
215.494 215.494 1
782.524 782.524 1
162.078 162.078 1
129.425 129.425 1
845.806 845.806 1
149.643 149.643 1
137.962 137.962 1
270.748 270.748 1
331.708 331.708 1
112.09 112.09 1
239.019 239.019 1
154.619 154.619 1
723.977 723.977 1
102.053 102.053 1
125.806 125.806 1
114.337 114.337 1
127.026 127.026 1
144.744 144.744 1
131.432 131.432 1
118.83 118.83 1
350.165 350.165 1
423.265 423.265 1
125.751 125.751 1
305.83 305.83 1
122.339 122.339 1
116.994 116.994 1
339.312 339.312 1
111.715 111.715 1
127.566 127.566 1
423.401 423.401 1
100.347 100.347 1
354.927 354.927 1
121.969 121.969 1
114.362 114.362 1
115.595 115.595 1
213.937 213.937 1
109.622 109.622 1
193.867 193.867 1
128.94 128.94 1
479.227 479.227 1
153.722 153.722 1
147.518 147.518 1
111.48 111.48 1
396.404 396.404 1
114.499 114.499 1
702.748 702.748 1
174.444 174.444 1
193.75 193.75 1
118.974 118.974 1
100.523 100.523 1
361.071 361.071 1
149.129 149.129 1
193.023 193.023 1
688.48 688.48 1
312.556 312.556 1
212.302 212.302 1
624.431 624.431 1
101.232 101.232 1
409.134 409.134 1
474.596 474.596 1
122.972 122.972 1
315.528 315.528 1
335.85 335.85 1
114.986 114.986 1
120.52 120.52 1
399.559 399.559 1
116.824 116.824 1
112.594 112.594 1
271.428 271.428 1
921.796 921.796 1
115.063 115.063 1
176.675 176.675 1
101.296 101.296 1
232.232 232.232 1
232.342 232.342 1
139.393 139.393 1
143.302 143.302 1
675.606 675.606 1
134.966 134.966 1
102.992 102.992 1
174.181 174.181 1
161.315 161.315 1
237.553 237.553 1
159.382 159.382 1
114.614 114.614 1
156.727 156.727 1
238.026 238.026 1
129.616 129.616 1
460.546 460.546 1
370.169 370.169 1
465.393 465.393 1
247.645 247.645 1
107.692 107.692 1
211.295 211.295 1
139.02 139.02 1
208.362 208.362 1
598.632 598.632 1
212.802 212.802 1
156.203 156.203 1
867.628 867.628 1
138.035 138.035 1
245.586 245.586 1
148.794 148.794 1
214.729 214.729 1
188.944 188.944 1
488.677 488.677 1
236.341 236.341 1
544.901 544.901 1
191.395 191.395 1
230.283 230.283 1
840.897 840.897 1
136.902 136.902 1
324.377 324.377 1
318.464 318.464 1
150.736 150.736 1
362.899 362.899 1
119.722 119.722 1
107.559 107.559 1
140.633 140.633 1
134.171 134.171 1
180.767 180.767 1
234.966 234.966 1
206.005 206.005 1
202.261 202.261 1
105.891 105.891 1
113.705 113.705 1
531.19 531.19 1
116.842 116.842 1
128.183 128.183 1
235.634 235.634 1
122.472 122.472 1
115.687 115.687 1
461.199 461.199 1
125.851 125.851 1
338.457 338.457 1
252.005 252.005 1
308.794 308.794 1
123.047 123.047 1
758.655 758.655 1
126.455 126.455 1
310.986 310.986 1
196.365 196.365 1
209.97 209.97 1
135.52 135.52 1
191.858 191.858 1
354.178 354.178 1
273.229 273.229 1
161.501 161.501 1
481.131 481.131 1
106.046 106.046 1
319.37 319.37 1
204.456 204.456 1
387.251 387.251 1
351.602 351.602 1
103.734 103.734 1
408.705 408.705 1
130.952 130.952 1
105.722 105.722 1
302.083 302.083 1
156.748 156.748 1
109.053 109.053 1
308.942 308.942 1
128.903 128.903 1
108.354 108.354 1
232.963 232.963 1
332.137 332.137 1
196.254 196.254 1
150.081 150.081 1
113.609 113.609 1
177.947 177.947 1
304.71 304.71 1
152.97 152.97 1
119.076 119.076 1
150.575 150.575 1
339.152 339.152 1
137.042 137.042 1
106.77 106.77 1
125.068 125.068 1
985.506 985.506 1
394.764 394.764 1
227.776 227.776 1
104.119 104.119 1
659.624 659.624 1
106.716 106.716 1
164.333 164.333 1
171.562 171.562 1
110.347 110.347 1
101.181 101.181 1
156.188 156.188 1
207.807 207.807 1
125.571 125.571 1
191.387 191.387 1
229.146 229.146 1
242.589 242.589 1
110.746 110.746 1
137.606 137.606 1
104.034 104.034 1
588.583 588.583 1
100.405 100.405 1
150.443 150.443 1
325.208 325.208 1
461.364 461.364 1
120.338 120.338 1
245.55 245.55 1
161.614 161.614 1
159.319 159.319 1
109.126 109.126 1
116.428 116.428 1
355.821 355.821 1
570.012 570.012 1
118.97 118.97 1
107.642 107.642 1
187.899 187.899 1
135.503 135.503 1
638.403 638.403 1
146.206 146.206 1
141.076 141.076 1
608.979 608.979 1
408.709 408.709 1
816.073 816.073 1
143.325 143.325 1
148.869 148.869 1
140.078 140.078 1
606.368 606.368 1
133.524 133.524 1
115.023 115.023 1
228.713 228.713 1
125.498 125.498 1
191.736 191.736 1
195.584 195.584 1
195.037 195.037 1
133.355 133.355 1
183.541 183.541 1
168.878 168.878 1
116.634 116.634 1
543.004 543.004 1
193.454 193.454 1
159.677 159.677 1
148.228 148.228 1
117.95 117.95 1
226.317 226.317 1
136.942 136.942 1
105.127 105.127 1
220.487 220.487 1
602.039 602.039 1
767.964 767.964 1
170.503 170.503 1
484.271 484.271 1
277.61 277.61 1
178.984 178.984 1
100.929 100.929 1
317.118 317.118 1
169.232 169.232 1
201.004 201.004 1
937.875 937.875 1
117.782 117.782 1
160.112 160.112 1
196.311 196.311 1
103.82 103.82 1
113.744 113.744 1
159.095 159.095 1
392.138 392.138 1
253.36 253.36 1
200.551 200.551 1
271.299 271.299 1
520.64 520.64 1
104.489 104.489 1
265.628 265.628 1
990.297 990.297 1
190.296 190.296 1
385.486 385.486 1
740.141 740.141 1
247.678 247.678 1
260.072 260.072 1
273.564 273.564 1
184.672 184.672 1
254.127 254.127 1
358.648 358.648 1
165.103 165.103 1
102.023 102.023 1
256.167 256.167 1
105.179 105.179 1
113.653 113.653 1
101.757 101.757 1
179.797 179.797 1
131.792 131.792 1
235.681 235.681 1
139.141 139.141 1
204.945 204.945 1
180.576 180.576 1
196.714 196.714 1
150.377 150.377 1
157.997 157.997 1
134.117 134.117 1
408.604 408.604 1
132.84 132.84 1
168.416 168.416 1
177.288 177.288 1
552.355 552.355 1
111.508 111.508 1
161.393 161.393 1
311.607 311.607 1
422.973 422.973 1
234.093 234.093 1
133.737 133.737 1
156.479 156.479 1
168.534 168.534 1
110.012 110.012 1
112.43 112.43 1
172.74 172.74 1
103.479 103.479 1
112.442 112.442 1
202.958 202.958 1
111.386 111.386 1
122.074 122.074 1
279.96 279.96 1
138.958 138.958 1
402.75 402.75 1
634.288 634.288 1
117.638 117.638 1
733.626 733.626 1
161.566 161.566 1
294.936 294.936 1
155.311 155.311 1
522.989 522.989 1
164.475 164.475 1
100.713 100.713 1
114.234 114.234 1
172.205 172.205 1
104.842 104.842 1
785.778 785.778 1
174.181 174.181 1
110.564 110.564 1
155.762 155.762 1
149.375 149.375 1
179.391 179.391 1
577.266 577.266 1
150.24 150.24 1
110.6 110.6 1
115.395 115.395 1
115.229 115.229 1
245.685 245.685 1
284.484 284.484 1
304.894 304.894 1
141.313 141.313 1
103.897 103.897 1
178.422 178.422 1
171.381 171.381 1
311.062 311.062 1
236.393 236.393 1
144.237 144.237 1
214.892 214.892 1
121.054 121.054 1
107.392 107.392 1
120.156 120.156 1
413.886 413.886 1
280.993 280.993 1
755.805 755.805 1
156.286 156.286 1
247.539 247.539 1
302.634 302.634 1
122.65 122.65 1
182.676 182.676 1
113.797 113.797 1
136.761 136.761 1
308.689 308.689 1
468.775 468.775 1
159.229 159.229 1
170.52 170.52 1
169.615 169.615 1
137.35 137.35 1
299.718 299.718 1
191.201 191.201 1
231.3 231.3 1
267.672 267.672 1
224.314 224.314 1
115.797 115.797 1
158.551 158.551 1
140.24 140.24 1
126.879 126.879 1
119.941 119.941 1
109.082 109.082 1
106.906 106.906 1
227.644 227.644 1
142.642 142.642 1
173.553 173.553 1
300.732 300.732 1
124.328 124.328 1
106.83 106.83 1
200.294 200.294 1
712.509 712.509 1
781.493 781.493 1
121.416 121.416 1
371.558 371.558 1
221.947 221.947 1
196.278 196.278 1
133.218 133.218 1
140.444 140.444 1
345.474 345.474 1
161.316 161.316 1
101.013 101.013 1
156.265 156.265 1
259.199 259.199 1
135.576 135.576 1
342.902 342.902 1
182.217 182.217 1
430.672 430.672 1
223.213 223.213 1
103.016 103.016 1
264.888 264.888 1
482.787 482.787 1
132.047 132.047 1
596.109 596.109 1
781.981 781.981 1
576.174 576.174 1
190.341 190.341 1
108.551 108.551 1
129.108 129.108 1
302.699 302.699 1
145.181 145.181 1
190.297 190.297 1
442.334 442.334 1
155.165 155.165 1
191.914 191.914 1
106.071 106.071 1
344.942 344.942 1
140.582 140.582 1
174.563 174.563 1
101.069 101.069 1
336.355 336.355 1
340.34 340.34 1
115.173 115.173 1
182.213 182.213 1
117.544 117.544 1
187.351 187.351 1
321.08 321.08 1
590.049 590.049 1
120.867 120.867 1
179.494 179.494 1
138 138 1
103.867 103.867 1
217.463 217.463 1
125.926 125.926 1
120.124 120.124 1
118.817 118.817 1
128.392 128.392 1
443.231 443.231 1
200.413 200.413 1
107.021 107.021 1
105.497 105.497 1
106.635 106.635 1
162.479 162.479 1
226.848 226.848 1
117.642 117.642 1
120.75 120.75 1
109.62 109.62 1
144.826 144.826 1
217.518 217.518 1
246.715 246.715 1
145.267 145.267 1
395.591 395.591 1
116.146 116.146 1
215.388 215.388 1
253.638 253.638 1
837.077 837.077 1
664.317 664.317 1
123.077 123.077 1
156.862 156.862 1
146.674 146.674 1
184.301 184.301 1
152.287 152.287 1
252.264 252.264 1
131.234 131.234 1
169.341 169.341 1
216.997 216.997 1
179.071 179.071 1
172.181 172.181 1
217.397 217.397 1
431.858 431.858 1
288.431 288.431 1
114.46 114.46 1
621.062 621.062 1
205.326 205.326 1
136.277 136.277 1
591.877 591.877 1
229.092 229.092 1
135.183 135.183 1
549.631 549.631 1
141.517 141.517 1
120.463 120.463 1
108.29 108.29 1
401.483 401.483 1
115.839 115.839 1
139.927 139.927 1
148.216 148.216 1
153.121 153.121 1
136.869 136.869 1
160.314 160.314 1
134.35 134.35 1
956.576 956.576 1
123.665 123.665 1
106.629 106.629 1
157.907 157.907 1
100.741 100.741 1
101.923 101.923 1
122.135 122.135 1
225.524 225.524 1
132.304 132.304 1
386.033 386.033 1
765.82 765.82 1
141.173 141.173 1
265.82 265.82 1
131.28 131.28 1
142.431 142.431 1
104.626 104.626 1
216.285 216.285 1
527.34 527.34 1
161.802 161.802 1
124.085 124.085 1
364.574 364.574 1
351.223 351.223 1
116.205 116.205 1
103.541 103.541 1
167.331 167.331 1
164.047 164.047 1
160.192 160.192 1
109.235 109.235 1
141.229 141.229 1
182.327 182.327 1
217.735 217.735 1
236.552 236.552 1
119.711 119.711 1
150.383 150.383 1
126.371 126.371 1
313.68 313.68 1
357.913 357.913 1
130.143 130.143 1
130.668 130.668 1
908.319 908.319 1
152.739 152.739 1
185.484 185.484 1
169.305 169.305 1
501.49 501.49 1
116.656 116.656 1
132.532 132.532 1
210.982 210.982 1
525.82 525.82 1
158.065 158.065 1
131.717 131.717 1
209.971 209.971 1
167.482 167.482 1
154.815 154.815 1
189.842 189.842 1
222.269 222.269 1
507.266 507.266 1
279.611 279.611 1
129.749 129.749 1
175.453 175.453 1
352.766 352.766 1
113.001 113.001 1
200.914 200.914 1
218.581 218.581 1
499.064 499.064 1
247.93 247.93 1
215.234 215.234 1
459.273 459.273 1
195.429 195.429 1
179.852 179.852 1
165.586 165.586 1
100.291 100.291 1
578.55 578.55 1
334.372 334.372 1
243.295 243.295 1
290.254 290.254 1
208.249 208.249 1
164.715 164.715 1
339.361 339.361 1
201.834 201.834 1
143.382 143.382 1
104.167 104.167 1
158.656 158.656 1
394.82 394.82 1
107.001 107.001 1
127.607 127.607 1
288.238 288.238 1
358.575 358.575 1
122.536 122.536 1
169.459 169.459 1
111.47 111.47 1
101.411 101.411 1
105.621 105.621 1
195.831 195.831 1
124.742 124.742 1
109.705 109.705 1
116.274 116.274 1
104.916 104.916 1
133.957 133.957 1
183.489 183.489 1
875.042 875.042 1
149.547 149.547 1
128.172 128.172 1
168.423 168.423 1
861.934 861.934 1
137.594 137.594 1
271.134 271.134 1
175.893 175.893 1
792.288 792.288 1
220.401 220.401 1
275.065 275.065 1
105.827 105.827 1
135.361 135.361 1
110.958 110.958 1
127.317 127.317 1
248.105 248.105 1
696.45 696.45 1
434.413 434.413 1
151.034 151.034 1
262.622 262.622 1
136.742 136.742 1
112.688 112.688 1
115.906 115.906 1
168.462 168.462 1
109.422 109.422 1
142.22 142.22 1
115.749 115.749 1
606.384 606.384 1
111.311 111.311 1
101.795 101.795 1
222.658 222.658 1
599.863 599.863 1
100.262 100.262 1
381.912 381.912 1
114.206 114.206 1
167.849 167.849 1
649.949 649.949 1
117.721 117.721 1
135.472 135.472 1
112.145 112.145 1
298.079 298.079 1
125.65 125.65 1
648.519 648.519 1
847.532 847.532 1
204.773 204.773 1
117.111 117.111 1
104.686 104.686 1
473.176 473.176 1
212.515 212.515 1
321.226 321.226 1
182.412 182.412 1
103.539 103.539 1
248.584 248.584 1
243.698 243.698 1
281.131 281.131 1
152.435 152.435 1
140.358 140.358 1
481.728 481.728 1
186.796 186.796 1
203.141 203.141 1
245.96 245.96 1
196.173 196.173 1
249.342 249.342 1
153.118 153.118 1
107.754 107.754 1
148.546 148.546 1
108.966 108.966 1
163.289 163.289 1
114.638 114.638 1
324.418 324.418 1
350.3 350.3 1
134.61 134.61 1
287.573 287.573 1
115.733 115.733 1
130.554 130.554 1
128.612 128.612 1
214.946 214.946 1
459.808 459.808 1
134.205 134.205 1
100.292 100.292 1
113.607 113.607 1
245.565 245.565 1
236.651 236.651 1
124.039 124.039 1
160.986 160.986 1
187.1 187.1 1
118.92 118.92 1
148.383 148.383 1
125.962 125.962 1
134.015 134.015 1
214.71 214.71 1
339.084 339.084 1
106.944 106.944 1
116.76 116.76 1
286.431 286.431 1
138.917 138.917 1
141.891 141.891 1
304.926 304.926 1
124.494 124.494 1
131.013 131.013 1
118.495 118.495 1
101.858 101.858 1
234.911 234.911 1
243.321 243.321 1
236.663 236.663 1
809.333 809.333 1
323.395 323.395 1
245.193 245.193 1
371.72 371.72 1
112.201 112.201 1
108.383 108.383 1
175.269 175.269 1
183.68 183.68 1
122.114 122.114 1
144.651 144.651 1
118.267 118.267 1
254.67 254.67 1
232.58 232.58 1
355.185 355.185 1
147.556 147.556 1
359.613 359.613 1
253.968 253.968 1
362.632 362.632 1
252.828 252.828 1
250.947 250.947 1
129.296 129.296 1
160.995 160.995 1
247.447 247.447 1
667.521 667.521 1
225.558 225.558 1
115.629 115.629 1
229.084 229.084 1
589.719 589.719 1
194.215 194.215 1
192.111 192.111 1
156.007 156.007 1
252.891 252.891 1
183.848 183.848 1
113.646 113.646 1
141.337 141.337 1
130.231 130.231 1
145.125 145.125 1
172.364 172.364 1
127.297 127.297 1
705.284 705.284 1
266.611 266.611 1
136.239 136.239 1
114.028 114.028 1
255.173 255.173 1
173.614 173.614 1
494.221 494.221 1
111.321 111.321 1
143.592 143.592 1
326.374 326.374 1
151.684 151.684 1
111.929 111.929 1
625.818 625.818 1
143.91 143.91 1
118.444 118.444 1
119.613 119.613 1
244.841 244.841 1
148.371 148.371 1
103.434 103.434 1
118.268 118.268 1
483.568 483.568 1
242.764 242.764 1
240.947 240.947 1
569.343 569.343 1
181.621 181.621 1
155.154 155.154 1
470.49 470.49 1
108.595 108.595 1
151.382 151.382 1
387.555 387.555 1
310.15 310.15 1
700.089 700.089 1
120.369 120.369 1
382.641 382.641 1
146.824 146.824 1
142.808 142.808 1
331.474 331.474 1
125.905 125.905 1
192.14 192.14 1
445.453 445.453 1
879.129 879.129 1
143.093 143.093 1
100.972 100.972 1
215.369 215.369 1
105.964 105.964 1
166.763 166.763 1
471.222 471.222 1
130.8 130.8 1
236.104 236.104 1
114.144 114.144 1
113.029 113.029 1
296.552 296.552 1
141.72 141.72 1
158.432 158.432 1
244.189 244.189 1
162.982 162.982 1
330.073 330.073 1
142.361 142.361 1
115.976 115.976 1
176.569 176.569 1
643.67 643.67 1
122.595 122.595 1
231.347 231.347 1
124.318 124.318 1
110.123 110.123 1
239.712 239.712 1
122.226 122.226 1
128.175 128.175 1
243.565 243.565 1
199.264 199.264 1
118.147 118.147 1
124.766 124.766 1
168.651 168.651 1
143.94 143.94 1
101.59 101.59 1
119.651 119.651 1
976.472 976.472 1
183.906 183.906 1
148.846 148.846 1
214.704 214.704 1
218.193 218.193 1
259.473 259.473 1
207.721 207.721 1
119.202 119.202 1
200.433 200.433 1
200.744 200.744 1
143.284 143.284 1
123.432 123.432 1
100.837 100.837 1
873.316 873.316 1
488.151 488.151 1
135.433 135.433 1
126.774 126.774 1
166.326 166.326 1
177.557 177.557 1
160.759 160.759 1
121.065 121.065 1
245.932 245.932 1
216.547 216.547 1
413.612 413.612 1
234.289 234.289 1
269.669 269.669 1
151.795 151.795 1
131.365 131.365 1
222.354 222.354 1
153.541 153.541 1
165.434 165.434 1
109.734 109.734 1
474.768 474.768 1
110.204 110.204 1
236.745 236.745 1
119.697 119.697 1
139.63 139.63 1
147.518 147.518 1
320.71 320.71 1
465.21 465.21 1
102.399 102.399 1
101.677 101.677 1
330.676 330.676 1
208.039 208.039 1
162.773 162.773 1
151.46 151.46 1
202.531 202.531 1
303.574 303.574 1
185.28 185.28 1
109.017 109.017 1
119.082 119.082 1
108.841 108.841 1
140.883 140.883 1
115.29 115.29 1
102.44 102.44 1
116.563 116.563 1
322.854 322.854 1
525.886 525.886 1
237.398 237.398 1
245.296 245.296 1
466.331 466.331 1
152.67 152.67 1
127.614 127.614 1
289.792 289.792 1
301.962 301.962 1
103.844 103.844 1
526.809 526.809 1
182.14 182.14 1
112.729 112.729 1
261.337 261.337 1
366.947 366.947 1
107.087 107.087 1
117.706 117.706 1
245.78 245.78 1
972.258 972.258 1
238.707 238.707 1
135.856 135.856 1
333.018 333.018 1
177.027 177.027 1
189.184 189.184 1
101.751 101.751 1
104.398 104.398 1
116.152 116.152 1
467.066 467.066 1
191.629 191.629 1
154.73 154.73 1
538.356 538.356 1
551.809 551.809 1
127.429 127.429 1
240.363 240.363 1
203.619 203.619 1
105.466 105.466 1
240.848 240.848 1
119.488 119.488 1
637.809 637.809 1
674.945 674.945 1
263.292 263.292 1
292.546 292.546 1
130.196 130.196 1
148.618 148.618 1
128.056 128.056 1
193.866 193.866 1
293.837 293.837 1
156.517 156.517 1
159.676 159.676 1
117.597 117.597 1
302.426 302.426 1
146.705 146.705 1
111.97 111.97 1
206.657 206.657 1
119.008 119.008 1
537.719 537.719 1
111.406 111.406 1
162.043 162.043 1
403.443 403.443 1
118.599 118.599 1
251.031 251.031 1
174.66 174.66 1
609.963 609.963 1
809.335 809.335 1
223.429 223.429 1
103.45 103.45 1
102.122 102.122 1
130.982 130.982 1
131.287 131.287 1
109.343 109.343 1
126.15 126.15 1
106.495 106.495 1
310.834 310.834 1
105.505 105.505 1
160.805 160.805 1
150.346 150.346 1
163.754 163.754 1
199.393 199.393 1
171.529 171.529 1
132.612 132.612 1
101.805 101.805 1
105.187 105.187 1
198.997 198.997 1
144.496 144.496 1
151.594 151.594 1
113.426 113.426 1
252.86 252.86 1
133.928 133.928 1
237.427 237.427 1
188.022 188.022 1
392.671 392.671 1
122.445 122.445 1
150.53 150.53 1
202.598 202.598 1
183.008 183.008 1
141.441 141.441 1
226.453 226.453 1
121.89 121.89 1
122.765 122.765 1
109.19 109.19 1
116.87 116.87 1
103.202 103.202 1
333.367 333.367 1
127.22 127.22 1
255.538 255.538 1
134.916 134.916 1
205.006 205.006 1
210.004 210.004 1
213.749 213.749 1
270.834 270.834 1
105.706 105.706 1
104.075 104.075 1
164.735 164.735 1
102.525 102.525 1
206.468 206.468 1
519.806 519.806 1
120.652 120.652 1
160.128 160.128 1
103.671 103.671 1
532.268 532.268 1
133.367 133.367 1
171.676 171.676 1
123.166 123.166 1
178.393 178.393 1
151.023 151.023 1
174.537 174.537 1
106.866 106.866 1
109.595 109.595 1
249.941 249.941 1
215.943 215.943 1
372.553 372.553 1
169.915 169.915 1
229.108 229.108 1
122.701 122.701 1
477.607 477.607 1
116.625 116.625 1
352.003 352.003 1
171.325 171.325 1
293.468 293.468 1
108.479 108.479 1
139.648 139.648 1
134.057 134.057 1
154.461 154.461 1
108.876 108.876 1
114.521 114.521 1
124.136 124.136 1
416.569 416.569 1
304.435 304.435 1
143.165 143.165 1
887.009 887.009 1
129.141 129.141 1
317.073 317.073 1
135.477 135.477 1
223.129 223.129 1
355.044 355.044 1
105.306 105.306 1
131.909 131.909 1
124.171 124.171 1
452.819 452.819 1
120.034 120.034 1
126.153 126.153 1
281.729 281.729 1
226.398 226.398 1
566.286 566.286 1
227.478 227.478 1
662.713 662.713 1
188.698 188.698 1
129.45 129.45 1
753.843 753.843 1
101.543 101.543 1
473.137 473.137 1
465.303 465.303 1
118.086 118.086 1
115.025 115.025 1
218.618 218.618 1
185.094 185.094 1
126.102 126.102 1
674.723 674.723 1
101.674 101.674 1
136.332 136.332 1
234.789 234.789 1
276.091 276.091 1
162.627 162.627 1
117.221 117.221 1
258.159 258.159 1
221.605 221.605 1
138.546 138.546 1
298.699 298.699 1
108.852 108.852 1
842.542 842.542 1
324.248 324.248 1
168.69 168.69 1
296.062 296.062 1
306.604 306.604 1
126.272 126.272 1
126.011 126.011 1
133.849 133.849 1
214.759 214.759 1
187.48 187.48 1
101.632 101.632 1
166.784 166.784 1
349.478 349.478 1
132.369 132.369 1
168.846 168.846 1
125.989 125.989 1
499.73 499.73 1
202.344 202.344 1
263.535 263.535 1
134.971 134.971 1
195.737 195.737 1
216.702 216.702 1
225.115 225.115 1
125.142 125.142 1
174.358 174.358 1
134.903 134.903 1
124.894 124.894 1
111.819 111.819 1
196.116 196.116 1
291.291 291.291 1
170.41 170.41 1
102.516 102.516 1
192.82 192.82 1
643.501 643.501 1
156.215 156.215 1
144.845 144.845 1
139.502 139.502 1
287.532 287.532 1
330.376 330.376 1
179.33 179.33 1
293.186 293.186 1
122.774 122.774 1
333.289 333.289 1
643.774 643.774 1
231.306 231.306 1
193.434 193.434 1
122.946 122.946 1
109.127 109.127 1
222.188 222.188 1
135.997 135.997 1
133.558 133.558 1
119.718 119.718 1
113.876 113.876 1
100.872 100.872 1
219.486 219.486 1
621.931 621.931 1
197.942 197.942 1
156.774 156.774 1
109.168 109.168 1
357.996 357.996 1
188.967 188.967 1
379.689 379.689 1
121.301 121.301 1
614.033 614.033 1
957.535 957.535 1
224.375 224.375 1
296.264 296.264 1
407.589 407.589 1
200.02 200.02 1
933.401 933.401 1
143.269 143.269 1
414.139 414.139 1
204.166 204.166 1
180.487 180.487 1
118.753 118.753 1
366.887 366.887 1
133.645 133.645 1
103.994 103.994 1
109.426 109.426 1
142.371 142.371 1
926.428 926.428 1
239.998 239.998 1
486.48 486.48 1
912.789 912.789 1
109.768 109.768 1
433.296 433.296 1
629.286 629.286 1
884.943 884.943 1
328.582 328.582 1
346.62 346.62 1
271.422 271.422 1
188.871 188.871 1
277.74 277.74 1
123.874 123.874 1
103.903 103.903 1
128.518 128.518 1
197.7 197.7 1
110.676 110.676 1
979.66 979.66 1
260.709 260.709 1
179.421 179.421 1
100.798 100.798 1
165.309 165.309 1
391.014 391.014 1
380.328 380.328 1
222.306 222.306 1
238.657 238.657 1
398.168 398.168 1
378.446 378.446 1
160.649 160.649 1
207.366 207.366 1
139.26 139.26 1
103.477 103.477 1
196.271 196.271 1
163.893 163.893 1
112.568 112.568 1
216.853 216.853 1
398.178 398.178 1
113.12 113.12 1
118.255 118.255 1
930.663 930.663 1
143.705 143.705 1
330.797 330.797 1
417.926 417.926 1
266.091 266.091 1
880.695 880.695 1
158.896 158.896 1
237.192 237.192 1
163.451 163.451 1
173.74 173.74 1
139.013 139.013 1
127.121 127.121 1
102.351 102.351 1
129.048 129.048 1
314.112 314.112 1
339.777 339.777 1
330.504 330.504 1
102.317 102.317 1
155.559 155.559 1
259.722 259.722 1
480.584 480.584 1
112.744 112.744 1
186.571 186.571 1
614.374 614.374 1
156.743 156.743 1
159.376 159.376 1
165.874 165.874 1
134.535 134.535 1
323.443 323.443 1
159.583 159.583 1
299.141 299.141 1
222.477 222.477 1
127.415 127.415 1
634.542 634.542 1
139.073 139.073 1
212.846 212.846 1
142.359 142.359 1
108.505 108.505 1
161.05 161.05 1
588.126 588.126 1
143.407 143.407 1
119.483 119.483 1
161.376 161.376 1
163.815 163.815 1
111.995 111.995 1
296.701 296.701 1
164.107 164.107 1
177.815 177.815 1
468.374 468.374 1
199.415 199.415 1
130.015 130.015 1
124.276 124.276 1
121.121 121.121 1
126.748 126.748 1
156.74 156.74 1
137.986 137.986 1
109.047 109.047 1
252.724 252.724 1
107.521 107.521 1
332.08 332.08 1
111.012 111.012 1
183.008 183.008 1
102.249 102.249 1
106.541 106.541 1
116.919 116.919 1
379.129 379.129 1
321.814 321.814 1
104.631 104.631 1
159.23 159.23 1
154.658 154.658 1
130.733 130.733 1
149.665 149.665 1
177.237 177.237 1
103.063 103.063 1
106.682 106.682 1
192.565 192.565 1
212.952 212.952 1
102.774 102.774 1
485.645 485.645 1
156.153 156.153 1
112.429 112.429 1
226.403 226.403 1
167.734 167.734 1
591.857 591.857 1
127.06 127.06 1
103.295 103.295 1
127.748 127.748 1
168.699 168.699 1
457.879 457.879 1
110.626 110.626 1
168.084 168.084 1
125.215 125.215 1
121.369 121.369 1
190.711 190.711 1
114.133 114.133 1
222.557 222.557 1
113.104 113.104 1
158.145 158.145 1
515.356 515.356 1
186.712 186.712 1
104.815 104.815 1
111.714 111.714 1
126.725 126.725 1
124.983 124.983 1
446.24 446.24 1
158.627 158.627 1
149.161 149.161 1
128.06 128.06 1
112.648 112.648 1
143.931 143.931 1
158.626 158.626 1
168.414 168.414 1
102.245 102.245 1
130.445 130.445 1
157.033 157.033 1
202.486 202.486 1
120.126 120.126 1
620.704 620.704 1
310.485 310.485 1
170.087 170.087 1
144.976 144.976 1
106.792 106.792 1
145.164 145.164 1
172.195 172.195 1
883.555 883.555 1
170.001 170.001 1
254.272 254.272 1
312.931 312.931 1
138.895 138.895 1
164.627 164.627 1
167.872 167.872 1
378.062 378.062 1
107.014 107.014 1
125.808 125.808 1
282.278 282.278 1
129.275 129.275 1
167.076 167.076 1
109.538 109.538 1
894.657 894.657 1
118.354 118.354 1
479.119 479.119 1
239.408 239.408 1
119.057 119.057 1
128.659 128.659 1
144.461 144.461 1
131.883 131.883 1
310.254 310.254 1
142.691 142.691 1
199.708 199.708 1
105.632 105.632 1
278.957 278.957 1
104.137 104.137 1
170.561 170.561 1
133.238 133.238 1
461.419 461.419 1
934.255 934.255 1
275.298 275.298 1
122.352 122.352 1
301.629 301.629 1
144.061 144.061 1
287.542 287.542 1
100.975 100.975 1
141.299 141.299 1
107.99 107.99 1
280.189 280.189 1
137.879 137.879 1
114.309 114.309 1
132.88 132.88 1
121.812 121.812 1
102.457 102.457 1
178.364 178.364 1
124.989 124.989 1
165.846 165.846 1
112.343 112.343 1
135.468 135.468 1
122.234 122.234 1
458.862 458.862 1
699.012 699.012 1
137.551 137.551 1
105.827 105.827 1
339.043 339.043 1
123.926 123.926 1
255.807 255.807 1
110.025 110.025 1
145.414 145.414 1
104.383 104.383 1
104.734 104.734 1
526.722 526.722 1
119.357 119.357 1
156.051 156.051 1
416.62 416.62 1
124.765 124.765 1
251.452 251.452 1
161.616 161.616 1
162.163 162.163 1
106.655 106.655 1
282.582 282.582 1
190.805 190.805 1
158.621 158.621 1
100.884 100.884 1
244.962 244.962 1
488.012 488.012 1
108.88 108.88 1
381.49 381.49 1
498.364 498.364 1
105.982 105.982 1
127.37 127.37 1
472.406 472.406 1
100.514 100.514 1
134.237 134.237 1
114.025 114.025 1
123.457 123.457 1
822.619 822.619 1
553.91 553.91 1
112.089 112.089 1
138.777 138.777 1
385.474 385.474 1
128.169 128.169 1
229.315 229.315 1
145.292 145.292 1
297.021 297.021 1
104.884 104.884 1
154.343 154.343 1
184.924 184.924 1
107.093 107.093 1
112.298 112.298 1
100.33 100.33 1
240.737 240.737 1
114.699 114.699 1
168.274 168.274 1
108.137 108.137 1
113.46 113.46 1
130.282 130.282 1
535.472 535.472 1
128.488 128.488 1
111.014 111.014 1
130.131 130.131 1
226.78 226.78 1
186.452 186.452 1
103.814 103.814 1
143.136 143.136 1
120.837 120.837 1
108.29 108.29 1
109.703 109.703 1
316.247 316.247 1
228.354 228.354 1
177.087 177.087 1
380.205 380.205 1
801.331 801.331 1
214.561 214.561 1
580.039 580.039 1
162.388 162.388 1
102.229 102.229 1
113.046 113.046 1
121.771 121.771 1
275.361 275.361 1
177.935 177.935 1
129.567 129.567 1
107.277 107.277 1
148.482 148.482 1
215.402 215.402 1
118.653 118.653 1
389.464 389.464 1
137.425 137.425 1
100.763 100.763 1
100.489 100.489 1
171.626 171.626 1
119.638 119.638 1
116.694 116.694 1
797.244 797.244 1
166.541 166.541 1
186.979 186.979 1
107.258 107.258 1
103.544 103.544 1
226.337 226.337 1
653.972 653.972 1
160.306 160.306 1
118.582 118.582 1
105.817 105.817 1
111.164 111.164 1
104.898 104.898 1
108.417 108.417 1
107.382 107.382 1
583.863 583.863 1
111.235 111.235 1
124.115 124.115 1
122.155 122.155 1
244.383 244.383 1
226.626 226.626 1
270.716 270.716 1
126.816 126.816 1
146.502 146.502 1
103.185 103.185 1
121.488 121.488 1
108.103 108.103 1
299.79 299.79 1
119.819 119.819 1
128.856 128.856 1
188.3 188.3 1
318.829 318.829 1
151.59 151.59 1
198.955 198.955 1
359.5 359.5 1
256.987 256.987 1
658.481 658.481 1
135.178 135.178 1
249.733 249.733 1
121.503 121.503 1
664.634 664.634 1
112.582 112.582 1
271.927 271.927 1
190.702 190.702 1
150.185 150.185 1
272.469 272.469 1
331.833 331.833 1
247.345 247.345 1
281.928 281.928 1
279.399 279.399 1
262.376 262.376 1
258.758 258.758 1
137.206 137.206 1
270.981 270.981 1
340.508 340.508 1
126.993 126.993 1
177.193 177.193 1
440.204 440.204 1
181.854 181.854 1
193.231 193.231 1
118.928 118.928 1
128 128 1
101.957 101.957 1
148.556 148.556 1
806.992 806.992 1
653.031 653.031 1
581.847 581.847 1
156.03 156.03 1
233.575 233.575 1
164.611 164.611 1
310.337 310.337 1
501.61 501.61 1
141.563 141.563 1
114.598 114.598 1
146.413 146.413 1
164.455 164.455 1
203.945 203.945 1
268.303 268.303 1
144.975 144.975 1
382.801 382.801 1
204.906 204.906 1
100.131 100.131 1
102.854 102.854 1
121.302 121.302 1
309.306 309.306 1
399.916 399.916 1
126.28 126.28 1
162.689 162.689 1
112.521 112.521 1
598.427 598.427 1
107.499 107.499 1
298.117 298.117 1
273.584 273.584 1
213.816 213.816 1
100.759 100.759 1
126.554 126.554 1
116.838 116.838 1
113.314 113.314 1
141.713 141.713 1
141.406 141.406 1
109.606 109.606 1
114.856 114.856 1
140.761 140.761 1
110.724 110.724 1
128.909 128.909 1
939.139 939.139 1
129.443 129.443 1
415.209 415.209 1
281.13 281.13 1
264.403 264.403 1
189.035 189.035 1
217.194 217.194 1
110.711 110.711 1
140.315 140.315 1
264.697 264.697 1
469.326 469.326 1
570.951 570.951 1
484.153 484.153 1
121.036 121.036 1
114.109 114.109 1
430.82 430.82 1
272.428 272.428 1
103.004 103.004 1
171.754 171.754 1
199.084 199.084 1
199.807 199.807 1
338.692 338.692 1
256.637 256.637 1
316.581 316.581 1
163.284 163.284 1
127.107 127.107 1
405.455 405.455 1
102.302 102.302 1
183.651 183.651 1
693.16 693.16 1
121.986 121.986 1
110.402 110.402 1
158.115 158.115 1
210.025 210.025 1
198.353 198.353 1
378.467 378.467 1
161.926 161.926 1
227.501 227.501 1
196.733 196.733 1
118.533 118.533 1
128.447 128.447 1
162.164 162.164 1
