Fracture Surface Area After Isolated Fracture and Cluster Removal
1e+10
1e+10
35523.7
127660
290012
34093.9
61617.5
45207.9
37217.8
28741.7
100330
77764.1
184373
35948.5
1.29445e+06
45830.7
32995.9
49884.7
82106.7
303179
139839
163134
48699.8
995643
46187.3
40674.1
41007.7
215929
569745
84759.1
75897.2
1.20751e+06
2.23642e+06
292801
53631.3
139842
63106.5
70602
321863
168439
258863
183627
394102
119703
583596
63058.6
30871
179228
1.81484e+06
80231
28948.1
2.3756e+06
57611
54429.1
1.45274e+06
32828.5
513583
45718.2
42949.8
61269.8
84013.5
47988.6
47805.5
61676.7
32342.6
325641
29910.1
90962.9
156682
89930.3
40683.5
2.00025e+06
113289
163700
93689.4
52140.1
239548
87690.7
228222
737745
32775.8
64045.1
81431.1
30149.9
558184
2.41182e+06
221751
88833
56488.4
42102.4
40424.7
461073
38156.9
98090.5
766695
50496
1.41609e+06
41883
35221.1
187350
88996.4
103116
74345
254529
477081
1.19794e+06
1.84842e+06
32962.9
54633.5
48433.6
45825.2
89866.2
1.1072e+06
35451.9
110217
51585.3
46190.9
91832.3
415770
266802
59628.3
36857.5
32823
43182.3
47199.7
36197.4
161924
180958
159951
182716
159658
37785.2
346162
32661.7
43436.7
65372.9
636928
67349.7
79496.7
1.32734e+06
838775
56192.6
97596
217981
33632.8
31866.4
48705.5
29562.9
28757.9
252757
29581
312680
160751
57265.1
66644.3
75873.7
417935
170997
253935
151051
159665
29921.6
83538.3
76479.6
111622
105921
33798.5
56291.4
63713.2
112463
447024
32304.3
90314.6
91820.8
36504.2
59997.7
38395.8
35467.4
67539.2
29442.6
30839.7
39950.3
65169
28967
190381
59408.6
197037
44817.5
138110
43484.8
34809.7
29907.9
26820.6
352743
51445.4
30348
1.35625e+06
33237.3
32763.2
60476.4
76905
39417.1
101343
38720.4
55653.8
43325.1
749361
53179.4
1.25323e+06
159622
368515
211494
44672.9
44822.8
243135
31439.2
33360.3
37857.7
1.61813e+06
38001.6
377089
152765
49546.1
37070.5
387033
943572
371603
90553.3
1.76844e+06
56711.4
207716
1.19453e+06
429699
1.59701e+06
46280.4
35694.9
312133
624398
56171.4
1.25015e+06
1.57175e+06
762521
373634
121084
315054
621607
372658
635339
81754.3
56134.1
36675.5
1.85378e+06
81769.9
42494
74193.7
148415
146904
63752.3
192140
90564.8
57697.5
57604.4
48467.4
430323
31054.7
32957.5
44929.7
356160
33484.2
91358.2
30254.7
19793.2
40815.9
37319.2
98297.2
123052
101599
357736
83440.3
45173.5
44636.1
205182
55382.6
55659
47464.1
48424.9
96930
51944.5
46052.5
174877
290295
110419
93471.9
582966
118524
46679.9
94727.7
220194
291764
65575.3
149611
71786.3
49723.3
31213.9
98853.6
229169
400141
48439
172631
45555.4
317110
367734
496888
137624
29128.4
136817
264149
62895
39784.4
316827
179106
44403.6
66237
37047.8
33799.3
543337
46685.9
138118
84844.3
96200.5
124271
876706
814237
316978
50245.8
42534.7
99291.8
68205.9
486699
382309
170211
29629
38289.4
447080
100051
178748
32930.3
50294.6
127141
35156.5
97538.6
34541.4
32638.6
31276.1
199324
123195
102969
972170
53468.6
2.50532e+06
902699
48025.2
516013
567125
51117.5
39988.1
62768.9
125972
354204
86595.8
248673
33119.9
67328.6
118357
246537
36675.9
167392
46645.8
36615.1
490301
50770.4
106887
267801
60800.1
145241
42212.7
57948.9
269636
46610.9
47710.1
33781.3
29598.4
38706.5
1.48328e+06
610904
40945.2
65990.8
78058.9
120439
268114
60559.3
36572.4
348388
65282
45520.4
1.00859e+06
38879.8
44502.9
67271.1
390326
1.02497e+06
84948.9
834673
46748.2
55031.4
1.58779e+06
126835
72993.8
85049.1
58220.4
109833
603539
2.11286e+06
299735
77763.4
31914.7
79710.8
62670
230317
37635.3
97388.3
105371
224655
45680.1
66239
33921.1
70264
1.31008e+06
158562
140534
60259.3
768850
68169.4
97116
521860
33915
55319
30588.6
40381.1
31839.2
73357.7
28920.4
94607.4
1.26133e+06
97719.9
233451
34195.8
59349.9
51775.2
61618.7
31821.4
310223
98794.2
39038.6
40513.3
36579.2
187437
85256.9
47772.2
31434
48997.2
34975
43306.9
28767.4
42656.7
75279
31267.7
55217.4
38020
580928
48413.1
33174.9
134449
38333.5
67151.3
2.30879e+06
411619
30829.9
60938.1
381397
125802
51882.9
30125.3
32827.4
31205.9
44565.3
57264.5
72576.5
106984
50559.2
52420.4
374357
30075.3
359237
32702.9
29922.2
129441
36161.3
37229.6
48104.9
435992
486395
39605.9
724632
166242
829980
57904.9
36239
29519.3
1.0483e+06
238119
122629
32059.9
252014
33418.6
32952.6
44780.9
81223
47720.3
35123
99688.9
233508
44849
46827.4
29996.2
51223.3
57266.6
56204.1
30864.9
49330
114493
62140.4
178749
30517.5
161163
32718.2
34541.4
52177.1
29721.8
99020.6
131346
1.01941e+06
74300.7
47378.2
2.02342e+06
63337.4
53834.8
207336
311213
35536.9
161588
62822.8
1.4825e+06
29457.8
44765.8
36976
45638.1
59257.6
48859
39939.2
346809
506722
44726.8
264548
42332.3
38714.2
325645
35299.7
46027.4
507048
28480.8
356306
42077
36991.9
37793.7
129454
33989
106305
47024.2
649573
66837
61551.1
35151.2
444449
37080.5
1.29641e+06
86070.7
106177
40036.1
28581.1
368749
62902.6
105381
1.34069e+06
206007
127483
1.10284e+06
28985.7
473452
637078
42772
281592
319034
37397
41083.4
451551
38602
35857.4
208379
2.40334e+06
37447.2
88286.5
29022.2
152541
152686
54957.5
58083.4
1.29102e+06
51522.4
30002.1
85811.9
73602.8
159612
71849.4
37155.1
69475.8
160249
47518.7
599917
387565
612611
173461
32802.6
126277
54664.1
122796
1.01359e+06
128084
69011.4
2.12918e+06
53892
170589
62620.1
130415
100974
675443
157988
839807
103611
149992
1.59294e+06
53010.7
297609
286857
64265.3
372491
40540.9
32721.8
55939.8
50917.1
92423.8
156155
120032
115709
31714.9
36568.3
798076
38613.9
46473.6
157044
42424.9
37854.5
601620
44797.8
324005
179623
248405
42823.8
1.62792e+06
45229.3
273543
109062
124698
51945.9
104113
354804
211154
73773.1
654743
31807.8
288492
118235
424160
349662
30436.1
472460
48502.8
31614
258106
69493.8
33637.5
269959
46997
33207.6
153503
312019
108938
63708.7
36506.5
89562.1
262615
66184.9
40104.8
64128.1
325336
53119.2
32243.3
44242.4
2.74703e+06
440777
146745
30662.6
1.23066e+06
32211.1
76382.8
83250.1
34440.3
28956.5
68998.4
122142
44598.8
103602
148515
166451
34689.9
53557.4
30612
979851
28513.7
64016.1
299135
602050
40959.3
170539
73875.7
71792.8
33682
38340.5
358104
697053
40033.4
32772.3
99860.4
51933
1.15275e+06
60460.9
56292.7
709434
472470
1.18749e+06
58101.6
62683.9
55498.9
1.03996e+06
50427
37421
147954
44547.1
103980
108196
107591
50299.8
95281.8
80665.8
38476.6
833970
105853
72115.4
62145.3
39349.6
144870
53042.1
31259.1
137502
644653
1.66812e+06
82226.2
663318
217979
90609.5
28812.2
284437
81004.8
114275
1.38985e+06
39237.7
72509.2
109002
30486.5
36593.3
71591.4
434933
181560
113761
208182
766690
30880.5
199569
2.7738e+06
102425
420302
1.54944e+06
173508
191308
211672
96459.6
182662
363816
77099.7
29440.1
185606
31290.1
36534.5
29287.1
91434.9
49127.6
157106
54758.8
118801
92228
109450
63960.3
70606.5
50875.9
472226
49911.4
80225.7
88900.2
862942
35168.5
73673.6
274637
506022
154996
50587.9
69256.1
80338.2
34231.5
35752.7
84397.5
30286.8
35760.6
116508
35092.1
42149.1
169307
54614.9
410014
1.13794e+06
39141.4
1.52228e+06
73831.8
246037
68225.9
773625
76514.8
28688.9
36909
83875.8
31089.6
1.7464e+06
85811.5
34575.6
68622.4
63110.5
91022.2
942532
63843.6
34598.5
37663.4
37555
170727
228908
262931
56481.7
30531.8
90041
83074.6
273678
91741.9
58843.9
130613
41447.6
32620.3
40835.7
484514
223324
1.61571e+06
69084.9
173313
259048
42548.1
94385.9
36627.5
52901.5
269517
621548
71711.2
82242.4
81371.8
53358.1
254080
103401
151320
202653
142318
37926.1
71102
55627.5
45532.7
40689.5
33655.1
32325.7
146574
57549.5
85194.3
255802
43720.2
32279.9
113470
1.4359e+06
1.72741e+06
41696.3
390480
139330
108966
50196.2
55789.4
337579
73603.6
28860
69066.9
190025
51988.6
332572
93912
524612
140923
30016.2
198458
659260
49317.6
1.00507e+06
1.72957e+06
938972
102473
33328.1
47146.4
259159
59616.3
102426
553409
68097.6
104174
21550.8
336541
55899.2
86188
28892.5
319994
327620
37518.4
93907.8
39079
99278.7
291590
984741
41320.3
91126.5
53864.3
30514
133756
44851.6
40813.9
39930.1
46625
555654
113605
32395.5
19513.5
32162.2
74669
145551
39144.6
41240.2
33988
59324.6
133824
172161
59686.9
442628
38155.4
131216
181959
1.98187e+06
1.24823e+06
42844.5
69595.8
60848.5
96072.7
65594.6
179993
48712.1
81108.9
133184
90697.9
83852.4
133676
527505
235305
37055.7
1.09098e+06
119243
52527.8
990851
148444
51687.9
854450
56645.1
41044
33168.3
455911
37953.5
55379.4
62135.1
66315.2
52985.2
72692.2
51052.6
2.58812e+06
43255.5
17697
70525.5
28704.9
29382.3
42191.4
143857
49509.5
421497
1.65882e+06
56369.8
199858
48746.6
57379.2
30961.5
132311
786550
74047.9
43549.8
375938
348909
38194
30323
79194.7
76117.3
72581.6
33749.6
56414.9
94025.5
134092
158270
40533.4
63964.6
45168.9
278303
362326
47905.7
48292.7
2.33357e+06
65985.2
97310.5
81074.2
711326
30222.3
48767.6
125903
782024
70667.2
49071.8
124699
79337.7
67791.2
101936
139734
727807
221134
47616.1
87069.5
351980
36116.7
114174
135135
704461
173861
131029
596604
108025
91490.2
77551.7
28449
946731
316232
167422
238287
122662
76738.4
192404
115221
58147.9
30690.7
71196.8
440904
32383.3
46056.8
234990
363667
42469.2
81222.5
35144.9
29087.8
31553.4
108469
44011.7
34040.9
38239.4
31133.4
50754.6
95228.2
2.16572e+06
63255.6
46465.4
80232
2.10133e+06
53547.7
207928
87507.1
1.77546e+06
137395
214001
31676.8
51824.2
20385.3
45847.6
174107
1.37191e+06
533766
64519.6
195077
52886.7
35917
37997.6
80268.7
33865.2
57209.3
37894.9
1.04002e+06
35044.3
29308.6
140223
1.01777e+06
28432.8
412546
36891.3
79686.4
1.19482e+06
39197.3
51909.4
35572
251309
44655.3
1.18957e+06
2.03169e+06
118602
38791.6
30997.4
633271
127739
291855
94113.8
30321.7
174780
167977
223544
65722.2
55721.3
656370
98691.9
116718
171110
108848
175847
66312.6
32840.6
62412.1
33583.8
75415.2
37170.8
178451
347076
51250.7
233905
37884.2
48208.9
46784.9
130679
597997
50942.7
28449.5
36505.1
170560
143790
41240.7
73303
99012.7
39999.7
62275.2
44877.1
50798.7
130392
325206
32348.5
38559.8
232052
54582.5
56944.5
262986
43836.9
48548.4
39714
29345.3
156082
167457
158419
1.85268e+06
295808
170044
390820
35607.4
33225.5
86887.1
95426.1
42176.7
59181.4
39561.6
183443
152999
356824
51178.6
365776
182433
371943
180798
178118
47283.9
73311.5
173185
1.2603e+06
143900
37816
148435
983636
106687
104388
68838.7
180889
95600.6
36530.4
56501.2
47970.2
59570.2
84031.1
45833.5
1.40693e+06
201048
52498.5
36776.4
184168
85254.1
690856
35050.7
58318.4
301284
65076.7
35434.6
1.10775e+06
58577.3
39679.9
40466.8
169556
62264.8
30259.9
26710.1
370036
166691
164206
615486
93299.5
68088.5
626104
33355.1
64817.4
424826
272075
1.38628e+06
40979.9
414121
60973.3
57682.9
310774
44836.2
104419
561239
2.186e+06
57914.1
28836.9
131193
31758.3
40641.2
534386
48390.7
157671
36851.1
36134.8
248741
56807.5
70995.4
168654
75131.5
308152
57323.1
38043.6
88181.1
1.17185e+06
42509.8
151381
43713.1
34300.8
162527
42254.5
46468
167794
112306
39481.4
44029
80449.1
58601.4
29190.7
40492.7
2.6969e+06
66187.6
62663.8
130385
134656
190428
122041
40189.4
113628
113980
58068.5
43092.7
28759.5
2.15719e+06
673991
51879.3
45457.3
78246.8
89170.2
73096.2
41455.3
171071
132632
483873
155256
205688
65172.2
48809.2
139841
66679.8
77409.8
34058.8
570189
34350.7
158528
40524
55144.7
61551.1
290918
612128
29657.5
29240.8
309280
122415
74939.6
64884.9
116019
260659
97096.1
33615.2
40108.7
33506.5
56138.8
37595.1
29681.2
38429.9
294819
782220
159404
170187
615083
65925.6
46061.9
237529
257900
30500.8
784966
93832.8
35942.9
193173
380848
32435.4
39186.7
170859
2.67367e+06
160900
30909.8
313676
88638.4
101231
29283.7
30826.9
38159.2
617024
103864
67716.2
819755
861237
45928.6
163411
117268
31460.7
164071
40382.4
1.1506e+06
1.26297e+06
196074
242065
47944.6
62472.2
46381.8
106303
244208
69289.6
72114.5
39114.2
258692
60874.6
35460.5
120794
40058.5
817818
35104.6
74268.9
460373
32895.7
178237
86284.3
1.05233e+06
1.04229e+06
141196
30269.6
29497.4
48525.2
48751.2
33816.2
45011.2
32077.6
273276
31484.3
73138.4
63933.2
75845.3
112452
83218.4
49740.9
29314.8
31294.6
112005
59055.3
64999.4
36388.9
180844
50732.9
159443
99991.5
436118
42406.3
64090.5
116095
94729.2
56584.6
145044
42022.6
42627.8
33721.7
38632.4
30124.4
314333
45778.2
184695
51483.7
118871
124738
129227
207468
31604.2
30636.4
76756.5
29730.4
120574
764235
41173.2
72523.6
30398.8
441455
50308.3
83361.7
42906.6
90011.9
64510.8
86163.2
32301.7
33972.6
176693
131894
392573
81659.5
148466
42583.3
645187
38470.9
350460
83020.4
242821
33284.1
55158.5
50830.3
33234.3
33528.3
37095.1
43585.4
490817
262140
57972.2
2.22536e+06
47171.1
284358
51912.9
140817
356540
31365.6
49214.4
43609.7
579954
40752.6
45013.5
224496
144974
907020
146360
1.24221e+06
100712
47396.6
1.60734e+06
29164.1
633168
612375
39440.1
37422.3
135181
96901
44977.1
1.28764e+06
29239.3
52570.3
155920
215600
74805.3
38864.6
188503
138900
54291.6
252356
33513.3
1.97354e+06
297372
80486.2
247920
265890
45097.9
44912.2
50673
130451
99416.1
29215
78677.8
345450
49558.6
80635.4
44895.9
706343
115805
196436
51526.3
108365
132822
143336
44294.6
85985.9
51474.2
44119.5
35365
108785
239994
82136.4
29725.5
105160
1.17123e+06
69022.1
59340.9
55043.4
233839
308717
90960.6
243126
42634.5
314186
1.17223e+06
151328
105830
42753.7
33682.8
139633
52312.2
50452.7
40538.5
36678.1
28779.8
136257
1.09403e+06
110821
69517.7
33708.5
362495
100999
407757
41617.3
1.06642e+06
2.59331e+06
142395
248258
469882
113159
1.68628e+06
58056
485106
117900
92137.7
39887.5
380722
50518.9
30588.6
33867.9
57330.7
2.42755e+06
162914
669385
2.3566e+06
34079.7
531025
1.12006e+06
2.21501e+06
305374
339823
208369
100897
218183
43401.5
30535.3
46716.5
110549
34646
2.71454e+06
192245
91052.3
28737.4
77292.6
432444
409130
139781
161100
448412
405090
72996.5
121625
54852.6
30285.5
108957
75973.7
35840.8
133008
448435
36192.9
39553.7
2.4498e+06
58410.1
309505
494019
200266
2.1938e+06
49487.4
159127
75564.7
85377.7
54658
45706.9
29629.6
47103
279071
326537
308958
29610.2
68444
190794
373232
35952.4
98454.3
656998
69489.8
71844.1
76833.1
51193.9
295897
72030.9
201994
139996
45918.5
1.13885e+06
54705.8
128138
57321.2
33299.9
73361.6
978330
58168.3
40379.2
73658.7
75901.5
35476.6
248990
76172.2
89429.6
620484
59475.3
47811.6
43683.9
41493.9
45438.8
69487.5
53853.5
33633.4
180649
32698.7
311911
34856.8
94729.4
29570.8
32105.7
38664.5
406556
292924
30964.6
71712.6
67653.3
48341.1
63355.6
88849.7
30043.2
32190.4
95764
128265
29875.3
667087
68967.8
35752.4
144980
79577.4
990784
45663
30178.8
46158.9
80495.2
592989
34614.7
79909.7
44346.3
41664
102872
36843.7
140096
36182.5
70738.1
751206
98602.8
31073.4
35298.7
45422.3
44182.2
563225
71170.1
62929.6
46384.7
35891.3
58594.5
71169.8
80223.2
29568.5
48128.2
48423.2
115967
40815
1.08972e+06
272663
81825.2
59447.9
32256.9
59602.4
83866.3
2.20807e+06
81742.7
182870
276976
54565.2
76656.3
79708
387014
32391.2
44767.4
225371
47268.5
78953.5
33937.1
2.26391e+06
39619.9
649279
162115
40092
46819.7
59026.4
49194.8
272258
57588.9
112807
31559.7
220099
30673
82281.8
50211.6
602193
2.46874e+06
214364
42341.9
257330
58700.1
233855
28838.4
56470.5
32984.7
222049
53770.5
36958
35069.9
41968.5
29691.2
89982.7
44186.1
77795.3
35697.7
51905.8
42259.9
378784
1.38202e+06
53514.3
31676.8
325127
43438.2
185085
34239.3
59807.3
30818.2
31025.8
784707
40293.7
68877.7
490935
44028.4
178836
73877.6
74378.9
32174.3
197109
102974
71164.8
28786.7
169723
673607
33530.6
411635
702486
31769.4
45885.8
631214
28575.8
50967
36774.5
43109.8
1.914e+06
867808
35536.5
54472.9
420276
46463.3
148733
59707.4
249528
31114.4
67378.5
96723.1
32438.7
35668.6
28471.4
163920
37210.4
80090.1
33074.3
36410.6
48008
810997
46695.2
34857.9
47896.7
145464
98328.6
30482.8
57948.8
41299.2
33168.1
34039.2
282878
147490
88698.8
408866
1.81622e+06
130211
951611
74585.2
29559.4
36145.8
41940.5
214461
89550
47482.4
32550.8
62358.5
131233
39819.9
429022
53416.6
28717.4
28561.4
83312.2
40484
38516.1
1.79774e+06
78448.9
98884.5
32539.2
30324.8
144896
1.20966e+06
72685.4
39772.2
31670.3
34952.3
31122.8
33246.1
32614
964200
34996.7
43570.7
42205.2
168922
145266
207287
45487.8
60705.9
30114.9
41746
33054
254203
40606.5
46963
100287
287516
64996.2
111958
365547
186796
1.2264e+06
51683.7
176399
37745.2
1.24943e+06
35849.2
209146
102862
63796.4
209981
311448
173041
224813
220797
194712
189379
53246.2
207694
327944
45614.5
88804.9
548092
93538.1
105608
40005
46340.8
29402.4
62420.2
1.84198e+06
1.20618e+06
957554
68858.7
154311
76641
272403
711667
56681.7
37145.2
60632.7
76495.6
117645
203608
59447.4
414467
118756
28358.2
29921.7
41618.3
270596
452359
45103.7
74861.6
35810.6
1.0129e+06
32685.1
251373
211703
129308
28715.2
45299.9
38611.4
36317.1
56802.4
56556.2
33979.4
37312.1
56041.3
34675.9
47001.4
2.49462e+06
47391.6
416060
223542
197732
101071
133426
34667.8
55686.6
198173
623010
922024
662996
41435.9
36828.8
524973
209918
30009
83437
112103
112919
324455
186288
283475
75410.6
45696.6
464975
29601.2
95396
1.35898e+06
42088.8
34474.8
70711.6
124763
111281
209924
74161.1
146390
109471
39739.7
46665.4
74379.2
