Format: x y z  (R = removed from domain due to fracture isolation)
0 0 -5000
0 0 5000
41135.80479 -2924.786751 -4255.749599
-27836.6326 -8133.147064 -2502.220766
24899.07815 -4187.544878 -1938.133233
14779.67252 29020.55309 -1074.760691
-12939.45497 -46156.18493 -2167.351193
49892.03065 10870.41285 4303.381543
22883.83723 -48597.43255 -501.9890582
-49939.20449 -36583.4654 -2689.591514
24920.92024 26355.65857 4868.959604
4120.857409 9705.83694 720.7839503
39690.32619 17311.98473 -1387.71737
-22914.905 -35930.63645 2732.141306
37961.7921 26507.82608 -4568.135451
-8975.776554 21794.00379 1483.45692
-14643.84338 -308.237214 1651.509109
-34821.57651 28666.13952 -9.04993388
-27307.09749 -21729.43477 -898.3078528
-2839.562523 21126.77946 -4774.000073
1320.954746 11418.37374 -1339.725322
-4057.863968 -47655.69419 -177.206031
-13737.4536 32683.41815 288.5918676
42594.90858 7851.165303 159.2706422
40802.55517 13860.08223 806.8258087
41300.2053 -22780.92684 -475.4676841
-1844.933975 11418.0303 -4409.054812
-43639.88732 -31447.67281 3363.36789
50.76327712 -7674.673676 2396.080019
-35704.52706 8398.260215 1613.292067
-24001.90644 18454.85898 1336.342564
-2106.0994 -11847.9926 1303.487326
7121.670463 -26675.07756 -2131.839965
-35942.32723 -8039.607263 -3148.346939
-6780.497107 35960.11009 1059.126841
41506.06113 44577.05444 2458.920326
13910.12024 13530.07008 2045.55478
-10052.9058 -28413.866 3188.132278
18426.4028 -24813.46798 1727.176564
-2050.371217 -29914.80061 -1309.636545
-793.545407 16889.12253 -1177.212823
-29984.83589 28260.0859 4323.365995
-40911.01307 24812.57534 -3461.778742
40531.56916 37701.58291 -690.4735444
49038.07826 22821.22299 -284.3949953
25831.37755 24503.97086 -0.4817429369
2502.423354 -10354.6091 -1558.217043
95.7547867 48931.83334 1176.726366
26509.74508 -34331.47486 2030.59304
-12845.84519 -22784.01471 -4170.542558
4825.724971 33393.01609 -1711.042554
-32827.24711 -1871.311067 -2872.366519
39614.5421 -6640.197571 1446.652391
3622.44918 -3339.800228 2742.867407
-16627.76023 8218.983648 -331.0392969
19874.29589 19228.54283 2133.569326
45963.2398 -7157.995997 583.8131667
34243.90984 -38669.89313 1139.400714
-17020.71747 -39498.07759 2586.894746
19713.95905 -2050.133238 -2693.229828
-34330.57846 30473.52615 -3068.989885
33837.10515 -4282.066432 3472.560602
23750.77813 -7501.828598 -4229.666766
-6449.581963 -27026.27077 154.414432
30973.59389 12461.77886 1673.857693
-72.31015522 12955.42804 -66.5481474
-18697.45349 1914.263866 -2041.421282
-1072.467792 2939.751684 -2837.9861
-29024.84931 4645.636577 -761.1863696
9403.708874 5837.4221 1009.959682
46526.44285 14126.76933 -1779.990689
-1779.808012 35540.38667 -4220.286741
17420.16378 14460.34824 1707.779784
49388.23076 450.5329014 1215.236127
8445.626343 2114.817357 -890.4589916
-32488.0513 -28445.41529 4056.573526
-37350.91693 25646.0313 2128.365106
-45403.65688 -41005.48172 1614.609128
10243.52326 349.4217136 -2839.474565
-12533.44173 -35668.8322 4842.963444
-13072.29536 -43216.39747 928.4820466
47028.04874 -10825.38235 -4457.793049
5710.083019 -27851.40378 2004.599238
-40553.27021 15117.61693 4810.761444
4514.507318 13844.97104 3891.934621
-44759.57578 43287.52812 -862.4894297
-25238.815 -44775.02351 -2598.205073
-6734.075596 27118.29089 -1865.73366
25769.14646 39565.90401 -2873.802214
1820.496397 41915.77619 -3102.009938
11520.94515 13367.16806 3252.489864
48434.21506 1206.488367 133.2480283
32911.94957 -37992.99655 -3888.138273
23332.01055 40258.9785 298.4030882
24240.76733 -43942.8676 -3665.656051
45570.02421 -16346.00188 487.7529059
-7180.665242 49248.62893 3218.222783
35791.0191 -42257.37981 428.1216961
-33388.48274 -23494.79385 1026.601217
38488.30795 41394.92822 4480.317285
-15437.81467 -49230.04677 -411.401784
23632.55703 409.5724959 -1233.279436
-11395.06079 2333.627192 745.189826
30367.25414 -40618.18815 3732.853724
-42980.86606 -30186.15449 4110.512755
6197.720717 35410.6878 567.6609438
-3861.436183 15362.64526 -3098.372428
2182.473658 43468.2408 4178.835104
49131.59685 48143.61469 -450.5946643
-6328.935344 -44420.64155 -360.4080324
33548.58909 -36731.33877 1653.985822
-29426.77013 -30273.03102 915.2920461
3523.317616 -4246.400743 -2109.523141
22.55236949 10122.34051 891.9747542
49846.85386 -4676.231512 -1779.906387
9814.407794 25568.56492 800.2543497
47873.28601 8367.137818 1713.770802
49963.48736 14713.30983 1283.170611
36409.65064 20438.31372 4787.198593
33502.83885 24915.94532 -3587.930898
11496.81241 10712.33209 -2353.864289
28175.23077 18019.94535 4178.688225
18660.0212 40940.41197 149.4713422
-3977.525832 24059.86533 1314.191618
-1242.875348 3071.59316 3179.498749
7458.976789 -21749.30839 -3723.538018
-23552.34864 -8013.705356 -1595.051462
45774.38966 21202.12853 1506.736897
-38006.81711 -46274.72261 -4033.2333
-27701.08605 -30935.3463 -1397.554863
-6497.336132 32931.53311 3293.749094
25143.95687 -8662.470545 4653.050265
31455.95663 -19600.2124 3731.734232
-4900.653057 -33365.78644 2148.648035
5716.933315 -35111.27625 -1819.208659
20890.27598 4040.197355 738.2548819
9269.338437 -31552.93671 -798.2319943
26395.01786 17022.55799 -564.6049488
-14123.43314 15583.38527 322.7481675
933.4776218 13463.35483 2822.625832
49680.33604 -34552.7429 1386.482207
-37440.75573 -30232.59219 -3362.51739
40520.99313 40605.97828 -4736.53229
-49508.24869 -14760.16155 1974.993565
43216.13044 32308.53042 -38.56993938
13273.84942 -21248.79639 3690.417035
-32211.0517 41999.9365 3242.199826
-22937.98342 -15265.22316 1148.778244
7161.219453 34716.37205 -566.0122447
1011.941703 46499.58231 777.2575645
18262.99609 42549.96698 2639.185376
1130.552451 -45685.76464 -589.1375199
13240.77816 38846.58802 2532.898054
110.9529597 41286.22602 -4067.3151
11613.38348 33631.12347 -4570.067249
-30455.50874 -29626.95077 -2930.411406
-44158.56101 -26095.99915 3702.447477
20242.29397 20151.76936 -3445.072074
-40833.3637 44179.15263 -3115.529095
22329.13448 46890.82917 1813.473755
-42296.08219 -33951.07224 -2885.153474
20610.20283 35348.60769 646.7728128
-38182.32273 16583.57624 3731.677383
2523.329631 21206.30364 -3641.656498
-10094.64208 19216.34706 1850.593076
3793.208649 31810.13944 -4423.65994
-29637.91673 -36858.26985 1594.209436
-1130.265393 39629.73427 3736.158424
6083.725082 -1076.738126 996.2447656
-48050.15053 -49874.95871 1847.84439
-23176.16768 49784.22977 2544.750299
-37538.34803 -6776.330904 -1443.442603
40966.92181 14319.86888 765.2919959
4521.996956 26091.73582 1886.744241
-42390.63192 25466.51242 -4457.373282
9765.294113 32991.59151 3769.625161
48398.57057 48306.69356 2917.562003
24065.6082 -24818.27642 -883.8662715
-47480.56501 36307.22341 -1964.872851
7571.385706 36844.82057 4980.284681
39036.68874 47651.77347 263.6028506
23857.177 7250.008827 -2869.417584
-33174.29542 2908.54679 -2728.619693
-13655.00419 3325.537803 -2562.577283
43642.78759 27315.17664 457.5345466
12823.97808 2862.707208 4043.035088
20405.39808 43269.06828 -229.8512959
20101.92945 31152.34127 -1928.502896
49762.41201 13948.91915 2845.925664
40576.99633 -10790.39985 4860.926907
-49383.65762 32724.94897 -4054.527445
-25793.80789 -8775.068856 -488.4611645
47204.92905 6921.480742 -4946.672788
25268.86958 14472.02961 -1413.100579
-13602.83107 -44009.04937 -2190.261293
-46874.33835 35330.63996 836.4137654
-25525.80313 -27357.56 4512.265529
-9293.687157 23309.30417 686.1283598
37667.69774 2352.955613 -3238.461503
-18255.38053 -2476.634178 3164.47508
39808.62234 -28710.28989 -3866.939481
-31384.29713 30849.65844 -1456.090351
16071.65423 36557.89131 -4969.485809
-2440.305056 12387.84566 -4881.217893
-38123.66894 41422.40936 -449.3049671
49751.4132 -33663.86608 -4142.059374
-49613.50168 -969.0980655 3037.142406
22305.216 -40647.51885 -4992.238861
48940.88646 -19889.16229 -1505.282952
-6261.954208 6107.935745 -2739.538897
-2372.653957 21193.91492 2164.638118
4358.011875 40438.89733 -3231.705814
35765.75598 33470.84858 4685.487335
17445.12147 -4847.765464 680.2377098
-15757.56329 -43361.37286 1220.19049
-46773.02933 -11086.81632 -4970.051259
-43039.12941 39104.02979 -4501.228385
-34325.7818 -41972.59327 -87.17651045
30275.84335 20700.77304 4847.18621
14447.75844 25669.62644 -2440.093751
14521.35075 43109.85541 -4124.825033
-49187.12816 36272.31778 -2718.034093
-9179.687134 -30523.35588 -1920.80125
14320.9146 47649.39804 -2316.5363
-21333.18372 31965.67528 4197.919608
34593.4801 -14486.91955 -2072.054089
39370.83919 13101.65947 -2878.569004
40355.34339 -28146.6948 -3488.783443
35241.7132 4065.576794 3762.279705
11735.39658 49957.71252 4166.573702
-30101.73438 17341.32678 -1816.398961
-36700.94861 27073.49862 -37.38824015
-6082.97835 -401.1190449 -3632.672468
5039.347166 36883.70975 -811.5860737
-22341.11947 -46751.81582 -2982.869988
-6498.244216 -49869.23086 -625.8547191
29595.10975 2922.28594 3170.695522
-30092.16746 -11393.94171 4818.672527
-23550.51504 2338.044132 1.877127781
-49214.85477 14146.91021 3882.015063
46133.0362 -22581.30528 -174.727045
-18190.6959 -30974.63545 -438.5936619
27806.11379 46409.01456 -4517.883872
-46976.70579 43987.48537 -897.9457821
-17336.12322 -5981.946152 -2777.898418
41148.85307 4464.572454 -1366.549645
28737.03134 24359.09597 1490.302475
-2394.452969 45559.45455 1469.748936
26375.86958 46366.58401 -8.56991204
29553.55163 16938.87787 -3916.942648
-4694.206232 -2592.844223 -706.0847086
25181.49595 -13168.33222 2147.932917
28763.79271 12371.12492 -865.7699441
-19195.48312 -20405.66736 -841.5535559
25177.82261 44016.77957 4208.334345
38294.06175 -12163.2925 -2213.232353
-13203.56877 -5756.413546 1281.038099
-38419.5572 -229.5915896 -930.4630793
-19982.07464 -11034.73865 -3689.631808
11999.21581 -11700.50901 2688.245087
-314.2308122 -45611.88567 -2926.931811
-6354.146463 -41756.74494 3562.475686
34669.32678 6337.072372 577.1058077
-26104.8346 22138.26983 -748.0842466
-46183.314 -47292.46973 -2367.140465
3639.266321 -40264.77103 638.8874611
-13181.48507 -39993.80792 -2421.158522
-8009.916517 44157.51629 -1943.489051
13317.0127 6895.805131 4242.106815
-3553.057561 30745.74932 -2037.442367
-4881.595683 26999.48374 228.6468252
49970.59273 22945.23757 2746.69291
19095.81032 -49282.59864 2627.022427
10585.34062 -32245.8728 2490.523672
-36279.68136 -17354.99054 -1735.011791
-20463.81598 25997.80813 4256.867515
18950.59137 -40352.94407 183.5038803
2429.963463 2550.548252 -3802.895279
30238.33843 -14457.32239 -1028.549516
-2009.829001 -35284.00449 2432.682366
-8833.456592 3186.447829 -2301.976731
45540.35706 33889.98291 1764.726934
24988.15027 -38178.03813 -1333.966053
-18173.52295 45227.91151 -4909.705416
-5799.949628 40051.54508 -428.0341012
29647.89235 41965.08005 3401.048177
27545.45301 -41060.55786 -3906.973269
-18571.93084 -9647.528441 4390.934409
-22140.91748 30854.35921 327.7858399
-4545.78337 28079.26984 1256.027244
-10277.07419 -31592.7774 1952.192104
-25887.71953 -22654.70531 4166.790268
43660.72018 -25893.36934 -3269.679744
-13490.75226 18079.13885 1972.268498
7792.633668 38677.03643 2781.535698
-41423.40439 12204.7112 -4552.338823
-5154.887078 -19176.36293 1881.670833
26587.08009 -408.7293065 467.8093074
43389.03253 34558.21254 4514.588903
-40718.6052 36377.81318 2076.948461
-31904.68316 -3927.263491 -1710.011196
-1634.717811 2975.938588 -232.006917
-3534.216336 46663.10409 3177.298989
-32945.96545 -29161.8091 -2118.698408
41727.47039 -47666.9368 -4569.938126
8213.531334 1199.135841 -2078.739305
-5821.234822 2299.218112 -1285.747336
35653.94146 -45411.88001 -3382.391091
29727.97167 43861.05424 -4287.592395
31826.32723 -11632.62225 926.3194051
9606.272831 5143.314695 -4647.459024
8640.069514 -27223.84449 3103.095231
-39611.23448 26839.04175 -4945.898028
22087.76684 -27865.52258 3727.892546
448.9945776 -23459.34321 2275.260007
17710.75005 -38713.67109 -3163.846114
-22931.38018 40563.21522 -1908.165897
2000.330951 -1969.0787 1569.187738
-39501.08014 -900.5241757 -2463.732801
-29920.54083 -334.2378623 -4055.15976
47404.89873 9766.645565 3350.84231
21429.44295 -27060.38517 1782.086245
4244.802781 -46734.92248 -1338.322938
26267.68774 43609.19411 3829.352147
3598.456657 -22016.78871 2549.225636
-16082.27109 27178.09282 -2745.934875
27064.84501 6926.906981 -411.4484281
-35187.70278 33479.38628 3588.793714
47200.65216 248.839508 -3767.019979
681.635998 44577.39429 -1324.190004
3968.779312 8379.98592 3241.315318
31867.87028 -9741.914969 3146.822588
-46765.53098 -48869.71457 1569.7194
-33530.42103 -19828.12136 392.9704692
1756.724298 26361.75878 -4161.38414
18674.78465 12796.67689 4989.773893
-14892.14283 5028.649214 -2374.033715
47498.00661 42413.21687 -3034.887574
45373.42035 -10626.24328 -715.927763
9241.374354 41072.35957 -4689.421655
10207.37333 49954.09903 -1105.72313
21143.3035 -17856.8172 -4393.999616
37153.95718 44.90538236 3746.742853
-14594.8012 9772.119659 1419.505952
24096.32117 13556.96854 -1104.91305
-6456.260351 47401.63298 1370.702256
-27505.7012 35336.77147 3712.312623
47513.92786 -36086.82348 -3993.623276
15965.72419 21618.41738 4591.059156
36088.3218 17242.54037 2793.099705
3991.4114 -4835.811032 890.6845712
-49805.57213 12613.78636 4927.66208
-43791.95281 8875.897227 954.7921965
38652.34596 28195.79741 -209.6317161
-18620.38132 -47563.48382 -2438.628485
385.0295132 -26455.18555 -2443.761764
-7171.485429 19580.94833 4135.128997
21392.84867 23402.28764 -322.190861
-21510.33735 2481.598836 1755.028239
-35559.83459 -23614.71445 2003.286305
32049.07568 15426.89652 -1353.942929
13068.46969 -21681.14324 -1331.049606
-45555.55501 2563.986779 48.03282276
-47924.70728 21581.5491 2696.371969
46953.50824 25126.26426 -4938.607169
30123.01942 -33374.22263 4586.318412
11154.03836 -46437.71783 4458.837169
-12647.30332 49200.59711 4955.139193
42055.99477 -32493.96198 -2565.544996
46283.0748 -5254.462823 -1947.031719
22361.96567 44844.95538 813.8947397
30053.06266 -2789.106799 1918.193593
-9894.988784 -8544.322936 -3909.016646
-33096.49634 37013.89448 2038.725171
-37366.01782 -32805.76367 -13.28775273
-8956.578181 -31341.49542 3654.967745
9501.729584 -1936.63854 -199.3042103
11800.11962 44255.01659 1004.837534
43627.06869 29178.47707 -1765.410299
35500.2924 -33244.27506 2096.650555
-41943.69708 -31825.22138 4817.806731
-34628.56303 729.812204 2023.546841
-28582.45643 -47747.38444 -4852.74795
-32925.59173 13192.87194 -772.4706445
26946.90889 -38373.06198 -2117.241192
-42513.89151 -22531.50164 4272.020534
16331.02019 25329.0692 -4926.822067
-21662.64344 24068.53206 -2726.175529
-4486.884945 16892.16984 2900.132344
-2316.105261 15357.93748 -1786.701052
-36391.33538 -15888.8001 -620.2373268
19574.00158 -27384.89787 2334.912682
-42866.57778 -7142.137316 -4147.231358
-41134.61992 24245.88649 -4296.263665
43425.12377 7753.789902 3903.311661
4042.292656 4637.069489 3567.705772
12738.69743 -14096.02106 1122.143571
4678.6249 9793.019924 3600.683977
35919.96547 17420.1745 -809.8564289
-31062.27118 18187.34072 2189.651891
-25339.4046 -26737.97531 -4232.449617
-40201.15384 34173.40902 2528.223223
-25180.28589 45528.50799 -3105.238146
9332.902396 -17749.60259 -1291.64413
6908.730415 -3840.978123 3003.963206
1043.799544 12726.9694 841.569989
5171.10656 -5424.000866 -2135.588407
42242.76759 16329.35971 1590.137243
-38703.56154 -6844.896284 -2388.286312
-1402.480936 28192.18276 -1649.352552
15399.182 -48570.95851 552.5378059
-17340.96798 18887.83435 -4139.505543
-18471.1602 25870.86189 3204.353399
-914.0094503 -14266.72126 3895.03571
1727.892423 -20315.4732 1780.04838
-7092.045681 974.2705156 -4299.706043
-3218.137293 461.7476348 -1775.34386
40849.95338 24966.13326 -2625.379003
1908.969752 -37176.35301 -4381.393897
37102.57012 -23314.75585 151.6110703
-46556.58925 2519.444024 4369.822529
2928.146417 -14033.39059 328.364851
-45156.6792 26782.93954 -4409.57723
17230.60561 -30319.85053 -1821.375781
-1925.980713 28695.54958 -19.2212148
-982.4193837 22259.5103 1457.796198
7069.883692 -6587.308807 1303.48825
-10988.65722 31522.52695 3409.903444
13026.91133 47370.63741 -4383.261836
-3726.798091 -3919.043203 -2482.182781
12878.29317 -18244.66045 327.8415635
49375.72078 -37159.87443 -3909.916276
793.4177553 21996.84174 2812.196824
-31769.82431 -40629.70119 4490.862496
43270.26033 -12082.24906 -2233.941606
-10798.85597 -20066.77258 -4926.651654
-42625.02309 -11108.97823 -621.446583
8517.712916 41302.7446 4266.566124
38020.04783 -43085.26386 -487.7553074
39909.38116 -21885.16986 2650.914367
5935.192445 4458.303857 2569.966045
-22416.7979 27864.18973 2090.90769
33502.24342 30015.85293 -668.2634254
-44973.26864 -25798.14191 1832.936975
-30319.03189 40756.33074 3045.711363
12604.52982 -44702.70155 -351.3989234
-35451.28128 -18405.13759 1449.596047
-25440.01321 47693.00927 -3845.857481
19549.34756 44049.23815 -3374.611103
12965.7056 17417.59105 -3575.178902
-20390.02891 -41447.38673 1210.874858
49549.10862 23097.62805 434.231463
-21502.14558 35563.7381 558.0329668
46969.31678 36184.54847 -4236.961377
-40783.32765 -7462.073155 1541.484429
-9697.75959 -4776.784742 3218.064646
-24090.32447 -10828.25406 2.83918408
-16099.46322 18181.33871 4013.266499
-28382.81784 7292.643664 -2372.843792
35382.19168 -9075.573315 1620.765678
-5857.699963 -23904.87171 141.7362985
-37149.52956 -37455.74213 3298.543207
29836.84614 36953.25727 117.8901246
-25003.86071 -10429.49084 2282.27633
38153.5245 -47603.79569 1025.883836
29839.29782 12662.49206 -4296.647686
10396.13704 2508.892052 513.936449
-8077.55056 -44083.69991 -2093.736432
-49583.30262 34364.88106 2245.117284
-29101.18853 41859.26174 2634.601192
4601.348235 -6800.680299 -4849.266822
-3384.715038 -3626.61835 4703.19716
25650.54314 -2160.116541 -1630.893383
31633.51968 -32133.33902 2635.510783
-4120.754666 -43118.79586 -2286.708761
-40663.70501 -33436.15015 -1272.715615
45472.48937 -46055.75195 172.406131
28731.87455 31514.12183 -3056.313587
29440.08238 -15395.98728 -4628.435103
-18903.04406 19551.13951 4413.272041
-8081.720857 -29321.42042 3917.928537
24266.75357 -9935.371284 2213.650732
-25933.31137 17944.93763 -4148.614056
-47607.11132 10903.00152 -1545.219417
-39203.76637 -43214.29432 -1229.475887
23559.68654 -15253.89541 -2062.493379
18290.0433 25857.85313 -3924.24939
-27419.74541 16725.63644 1472.077701
-3468.029577 -38447.36345 2650.846372
49093.31717 16824.43288 1730.56981
1455.969921 -42809.38233 -3376.245366
24085.94143 -37946.29978 2945.78588
-42453.26495 -6881.602558 1326.417809
-36119.02968 -19956.97696 -2950.318124
2381.839263 40475.13719 229.8422384
46274.24968 -41105.01078 -3225.138861
37319.27276 35102.621 3600.455184
40916.44567 -43140.93226 727.4163671
-8698.608216 8010.012879 -2949.349943
-4542.749276 -3489.189608 -3653.717033
2521.964516 -41627.4493 3012.719391
5712.39989 -42971.57921 -12.51879684
-11221.87878 -36229.11378 -4914.900289
48382.63173 47510.13412 4267.377212
26433.9472 -9712.989014 3650.208471
-11001.14059 33588.04349 -2301.673136
36624.55485 -31759.58623 -1848.703498
32578.02894 -7810.268362 -4669.775279
-17052.57985 34972.35319 -2314.445197
-14193.77026 14665.71598 -1234.753327
-1942.082669 36315.06167 -1881.883494
-48152.6925 9360.686811 2719.364032
-26714.67957 -33877.93301 -4303.104259
46234.80883 -4288.111091 -4645.693032
-26522.34169 35102.65965 -421.8486032
16198.58416 -34005.97955 -1073.342435
31124.60796 -1705.943891 2894.808375
-11997.99816 -45173.09163 -4967.162549
43515.38751 6508.419863 -2531.728569
21012.86628 -25291.55611 2170.60934
3066.578709 -42461.74973 -2989.249595
6939.477116 5505.175727 3449.722449
13398.30103 29139.21061 -4325.831187
-47743.96207 26272.00518 -2773.194308
-23063.99533 -30213.13988 -745.669336
-8244.055834 -15908.1804 3501.863976
-44792.60137 17670.93927 4669.137456
-39973.61082 15195.72379 3489.176522
32091.95565 -6089.43832 -2153.907027
48412.86737 10973.43909 -1112.155703
31814.72365 19881.99338 -342.2230181
35503.16807 22867.03348 -3203.183896
-29627.19613 30617.66693 -2450.755127
-16995.26165 46036.30617 -4621.71235
6600.943346 -24727.67555 -757.8312711
-1145.231145 34132.53134 102.0069827
-25503.7235 -529.4023642 4547.935316
47785.44045 47039.47463 -1581.35393
-40937.73446 44995.18615 -4054.562122
7554.624957 38577.66265 4951.381386
-40430.91507 -30413.19672 1304.971361
-42942.3526 46025.53157 156.919529
21336.02494 -41645.02056 2149.091627
-39152.55911 9690.112807 -3488.342804
-40935.05679 -2856.955157 -279.7120177
3023.619603 -29754.47546 1754.623751
-29621.56494 33144.39342 -2457.86913
-30229.76684 -21647.36077 -3401.102998
-8727.810778 -7966.224392 687.7211909
11670.97972 -16324.99238 -2121.18186
40252.54902 99.52692076 -1891.975539
-46403.32803 18104.73726 -4909.182614
-8857.561369 12665.65608 -1195.602129
-5567.143969 16247.19365 -963.300789
16410.72065 3158.315643 -22.82875055
-48992.80274 25110.32883 -2061.362544
-25896.23562 -24593.18281 -3270.145721
17047.77656 1007.643058 3439.847161
-976.2687499 35787.43446 3646.156695
-14976.28355 -3114.767788 -1824.635483
-41455.62156 15145.15236 -2226.270191
-49922.04338 43892.64972 816.8309402
-46477.57755 -9468.719238 3545.072389
465.3552713 -30145.10505 4168.07293
47451.36792 -2741.503077 -711.9910517
2801.246497 32077.74471 535.7342285
37199.06817 47434.46507 2901.486349
-24993.83923 -39939.38287 -2778.147804
-1136.677824 3656.047569 4534.8432
-3524.074208 4796.16277 -4738.229579
28119.31278 -12833.58002 -1429.220014
-9343.802628 32661.19712 -3680.581372
46506.54916 -16586.75682 1198.974214
20594.344 -15576.57602 -2578.480613
-19168.09789 13408.00082 -3139.972544
34299.46988 30291.6853 2785.549916
49634.2855 11388.78755 4268.484279
-34401.61384 32169.78654 -3210.806979
-34432.34961 -31730.24677 1002.512955
4579.016834 37137.00618 -1109.127348
14691.80292 -40111.38978 -4928.99587
-45132.89771 -35209.05375 -467.1644784
-8158.7639 -27268.51194 4581.73
19337.19092 -19326.36928 -4265.57117
25166.10837 794.7747421 -321.4312063
-4214.757134 36073.70714 4480.151406
307.9420817 -18591.19948 -1810.976824
18672.37261 -26478.2843 4759.970395
-45695.02656 -2091.465552 -1739.031759
-6632.467592 -29166.74881 697.2196231
-41706.90247 -20930.08083 -2224.827516
-27883.04128 35911.54285 820.6109294
32466.93484 -39663.62653 4834.758856
19293.21265 7264.163677 3564.07155
-35772.95609 10338.99752 -1767.846722
-16229.06175 -7486.711103 -4614.392704
-32103.89417 -3222.377756 1563.183828
-40054.07457 3886.914343 258.1468263
21819.82835 -28419.14782 865.0492045
-1689.109895 -3872.84865 3590.992338
5813.692352 -44139.70508 1128.835372
-18572.25058 8570.011995 2244.993581
11125.37182 16946.81043 -3578.617043
48319.59201 -1490.615008 -3093.765271
11697.64235 38071.46655 4882.940982
-7204.378021 7121.335016 -2457.026555
-36451.51755 46089.29885 -3632.477506
7440.536956 -43735.01604 4183.781899
-10621.39939 -28168.99109 -4039.851367
-19809.15988 -37969.75381 -2989.735582
22903.75588 -32439.53287 3728.362298
48301.44263 -27043.8134 -2538.534556
42461.44606 -14212.37882 -2966.747377
-27714.22672 49440.8552 -933.0282682
-24715.22365 42812.73823 623.4264022
-37187.09298 -26341.49205 4542.144765
455.0572502 788.7237234 -721.2460976
40798.34279 48595.95993 719.4176499
13033.18416 -2098.741791 -38.57561445
22134.85249 -15802.1789 -2251.257431
3344.105623 -20949.78029 3785.757208
-31695.35572 -13889.57114 1045.502648
32389.44433 -12207.1488 3274.501476
21538.76332 -18007.66683 -3533.493472
-36485.98756 17052.20868 1440.593778
-29091.76236 -37504.30614 194.3087497
15890.73094 30126.33336 3189.25276
29973.49344 5756.540082 -146.7090138
-14107.37018 -12423.16091 1534.464779
-48200.436 37762.57451 2983.781172
48581.71455 -3250.026987 4818.358211
30429.85902 -31646.60813 -3872.046756
9909.001184 18727.81895 -4415.981597
18602.19317 540.173542 -3605.107227
36838.58445 -13707.68651 3909.278145
-45776.49036 -40316.50654 2831.642192
-27926.31905 -44785.51775 4050.893109
-12701.81846 -21337.78794 -4608.492639
13584.42231 29675.20769 -1355.75595
-2249.513605 48976.47 3930.920226
-39306.35098 35221.54621 -351.7694688
-49154.53652 -21836.04312 1786.712369
-8691.075018 -15138.00406 4328.662991
-18887.0059 14102.64877 -1004.65177
-28674.21505 -9299.460097 -3597.602778
43909.78546 -48021.69447 -1869.872598
12742.73776 20410.49654 1135.229706
10907.14052 -6782.44426 2127.340488
-35902.85506 -15115.47892 3030.884018
24014.61844 -22700.39908 -651.3622592
-7333.302629 -2507.1717 3996.559016
30121.88371 43521.85923 2317.466244
11163.50236 42990.13954 4264.803866
-32012.26771 10266.61145 -117.0014759
17269.95157 -2103.991398 1540.105084
-4435.369808 41200.86994 1298.556038
6348.734034 -3563.108765 1221.180968
-30138.94737 -11502.90851 -4014.671746
-16334.30612 41462.59402 -1463.761244
28706.4157 -22645.37785 4549.908194
28277.96315 5719.03173 -4622.159608
14367.64749 32824.39809 -4276.778905
12115.35083 -27261.01818 -88.25112542
23956.56962 -28309.0949 4773.889386
25348.61054 36955.35063 1587.977592
40225.14202 6490.987085 -125.3298486
-35553.93749 -6375.476032 -976.7363274
-8221.657993 41554.30244 2664.21345
21760.51725 -26075.46992 -334.2418917
-3265.216587 -22835.69143 -4530.76765
47983.47097 22998.55689 -2060.400382
-33803.35342 24598.17488 3910.39031
-30717.45393 1017.652363 142.0485151
48037.8606 2103.161932 -408.4228748
29225.397 47658.71413 3669.519694
46026.91336 18134.43346 800.0486494
-36207.85963 -41802.58891 4119.664282
12949.95448 -36160.03785 2301.934859
-38261.22718 -37412.86429 -200.1468826
18435.11577 16684.99297 -2690.604968
-9443.775477 2443.390564 2005.559017
26194.65699 41820.36625 -806.7696601
-30937.85002 8106.817255 -881.1987572
6949.060877 -16141.20392 -2614.022065
7368.896447 39421.21054 4011.994361
29550.41819 6353.078383 -4101.661814
-33032.24443 1901.00316 -4813.877504
-11745.94029 -24602.52312 2060.603471
42261.562 21964.78045 -3876.052079
24914.23834 12469.69703 -2599.414791
-5298.80147 20481.72693 -62.82073786
-43648.52438 -14917.55275 -2850.348635
-10853.37107 -38360.70493 -271.4050108
45424.15459 17655.89872 4591.930963
19932.98698 5545.387727 3640.566819
2794.717691 -367.8656514 -705.2914279
37991.39475 30609.08674 -3155.624237
-11496.07522 -42761.84504 -1533.55752
43350.83267 27217.4041 -1820.914985
20503.20482 31434.46471 4678.403415
-16514.93889 6961.913949 -2185.593804
8715.162654 13926.79987 -1883.193457
-8253.974845 5126.649412 2921.850626
-23166.79425 15970.05237 4166.588834
29277.38307 -21836.42177 -1137.297581
-37051.61681 -43239.27434 -1386.272296
-46020.1372 -39388.47005 3847.482971
810.9527187 -8465.169428 -3198.137286
1457.48221 -48829.13676 988.0712348
32542.62007 25457.11787 -4045.13305
-49066.96763 -41327.4595 3000.414334
47961.56418 34913.78595 3897.683045
-4506.71727 15083.11615 -444.6763334
-25665.97726 36220.29299 396.6377189
-292.0795632 -8120.380053 2900.519786
-39668.03665 40639.73924 -298.6373247
32248.66093 6466.173998 2542.21212
-39507.15801 41958.28662 3452.049449
39387.48885 -22410.74763 -1502.878771
37265.18486 -698.2248321 -1571.448844
-33169.48402 -43476.96272 -976.2021298
-35261.22324 19120.91758 -1944.908642
-32861.52102 2268.900917 -2562.232347
-237.5839392 -38830.15306 -1546.734969
-29818.67473 -11821.85587 -4189.758567
-33697.18353 47136.74252 -2434.635564
-49820.63717 -16554.03991 -4659.999291
-2269.936577 20412.8958 400.8535812
44879.08479 33154.25355 2820.602702
-13634.81062 10083.133 3358.656832
-31065.01861 7909.588826 -69.32456721
-18727.72939 -45185.29458 -3640.536982
-18953.02503 32663.63947 -3985.137047
-16345.47403 27561.04548 -4.406243092
-15498.68039 17377.46905 2413.300838
-11545.4605 -41885.11017 4177.780805
9602.460399 48696.68185 1222.892203
-45946.74796 -13208.11207 -2648.024386
27630.80848 -33244.90447 -2620.151733
42376.7684 23010.49891 4480.247808
-40566.73107 -45825.48563 -842.6171794
32308.10381 18107.20645 1279.657824
-49694.35075 27950.99023 -3636.664748
-28865.10134 -6953.914712 1087.728533
40723.76244 -26659.3665 1287.555772
-4390.038541 -7575.983958 -1919.354959
-39142.7121 -30857.15008 1017.811556
11122.99462 -33583.60669 2435.93245
-29379.90664 -9824.473397 3755.25641
44643.99444 11046.76124 -4367.13181
-37065.7954 17791.89231 893.5362354
-7692.193523 39047.0524 -2502.503531
42569.60138 -31484.41634 -93.76404918
-23144.27689 41772.40954 -1493.95036
-11961.93038 29190.88234 -2513.899277
36292.4607 38036.37761 -1326.950649
28538.49569 8019.12019 -1384.80273
33316.74296 15290.92268 -2427.092467
47455.0465 -40753.29633 -435.1366558
1574.966221 -49778.67793 655.3663205
-38997.16388 15595.83821 -91.5178857
-7296.586683 30262.36289 -3611.941493
-32071.80298 5355.334855 4265.517408
-11473.56521 24180.10178 2812.418548
-7369.889442 -48837.25354 -4130.226426
-39436.93718 -18784.67988 2983.48961
32943.29601 42068.10373 2859.659039
49007.96278 18689.2323 -4866.022175
-17320.61343 3725.629928 -3789.963423
12937.99877 10185.29896 4889.30162
30820.57281 -30167.25744 4331.941591
-19555.15233 10136.58228 3274.819214
-25551.72037 17800.64729 -1803.781858
14295.85033 -19182.90512 -4681.663088
41812.46641 -27847.94928 4031.527033
2654.488138 40925.16539 -1881.92425
-4365.981412 -36908.644 303.8364448
-20490.63056 17250.33737 -4759.985611
-11047.72457 -40648.74203 -4689.503209
6749.714629 12863.58931 -788.4209473
22352.7337 3211.286463 3273.530455
-17712.34921 10027.09503 1114.476175
-784.726991 -45949.93968 4152.870955
-23061.6735 7671.940089 -4004.431477
46927.92644 -6137.903919 -2597.333908
9455.668422 43725.70593 -78.76547422
37384.27432 -34443.56572 -971.0974036
-28574.48385 -48385.1429 -3951.38905
-23481.79368 -5676.591284 3723.061787
-31512.77858 -13817.55966 -513.7356291
-34413.29123 18124.04605 -3865.682474
-15097.49996 -46297.5395 -4540.999313
-30618.25759 19310.82423 3740.175516
-43289.01166 15601.22383 -2505.363639
8138.1152 26622.64473 4901.208331
-29495.14942 -47293.02691 -2815.43332
3029.136378 -4617.523261 3229.703398
44030.45504 -27348.04997 -2354.769272
1767.897725 -3655.919287 4234.151661
-29428.38653 4312.002443 4738.462225
37090.73329 1011.924935 899.575051
-41450.61505 -30414.868 1233.942323
-32518.86891 2683.974497 2150.915815
17312.13487 46620.96753 635.2037581
23574.11512 -40396.65493 -4916.138547
-48705.37615 -998.058657 240.321598
38410.33985 -43992.09613 4697.812564
-46411.0319 -40822.24042 4520.89569
-26292.32261 -22653.75663 3294.566988
40424.87285 23242.5908 70.34545581
-12466.46957 -14432.52031 -2706.322255
-5102.983041 -10673.10354 9.10652369
48657.89426 -45974.72901 -40.0984722
-26611.50952 11811.1457 4199.288617
33511.59751 15638.7656 2835.891761
-37542.62219 -12325.19622 -2019.925088
-23468.94294 41741.84476 -4366.859046
-10488.08176 5221.28759 913.9855323
-43858.85619 23899.87681 3696.279793
-49379.29126 -5937.391246 4293.400672
-22563.71846 18321.97113 -2404.173619
-3973.954389 -32848.46108 -4349.583758
47697.40165 32962.53866 2432.159437
41010.8983 -33385.35841 -2258.733779
450.960824 -607.0127382 -971.6678811
-31906.38868 -13060.35114 4306.693917
-26663.69245 1287.933425 -3022.122431
33354.20323 -20974.22637 -3894.307369
-21118.97304 -20914.13375 3161.340198
-11456.89694 -11965.0596 -2625.620028
17040.29058 -44297.37513 3897.743154
21845.55647 -20330.326 573.3882423
19142.10661 -21110.60585 4084.241822
19250.13888 -4887.438156 645.419294
-39354.6838 -4443.33625 4199.343196
-38286.78711 4270.862171 -3288.466062
-32107.43244 49577.29919 -3102.681265
-20694.77781 -3141.162414 -341.2632077
-14600.1305 44424.67953 -2743.560949
16989.19263 4616.294721 -1538.011085
-29594.88088 -13306.16655 -2690.46543
5834.835661 45397.85376 4495.29932
12211.55613 12712.37439 -2693.816435
-37992.94779 22007.51216 435.3408885
31807.86205 17612.36495 -3930.832089
4626.893221 -14092.34506 -3014.213369
45814.10603 9339.201852 2105.260547
29285.14123 27816.58697 1646.990917
-46222.15963 -34422.24733 816.7571558
23403.19103 -32470.22899 -4284.887605
44998.29558 9585.680089 3647.615313
-31342.16435 -5508.999975 1985.416985
-7136.417422 -11060.09087 2807.780047
-31772.72909 -13952.91191 1702.759962
41177.87491 -40264.07022 -3788.596872
30052.567 22919.95184 3182.04125
-4914.210714 -20246.49357 328.9845175
-14479.47937 6721.409262 -4121.235154
32790.54191 -36739.44257 668.8573969
26810.1737 30565.27921 -4525.95022
-27033.77177 -28075.94547 3489.0674
11660.01786 7733.648857 -302.9861374
3363.454288 7070.805981 2997.14934
-49537.87505 -17489.54617 -2628.376532
21923.30307 47351.02631 -798.7359064
3335.691703 3878.821052 4886.745483
-16713.92098 26598.88219 -2240.412255
23664.54309 10365.22408 4882.105387
37422.2056 10647.60026 2944.570187
-1723.402637 -24807.22295 -2633.339653
11378.56552 -36893.74173 -3468.078311
-26576.57159 -24657.55071 3914.408844
48552.38771 42621.34052 -2153.674433
-15082.92812 27078.374 -4757.605172
23422.84933 -7538.800607 369.4791893
-7226.460428 -10015.57972 4484.312119
26163.08018 -18041.71675 1911.669099
-8292.620551 -11555.68716 -3177.336125
23157.75214 14479.88537 976.8115229
47360.36477 46133.5214 -3258.652525
-11206.38357 -35549.58225 245.9370416
34120.77883 -21446.7521 3531.902488
22246.77742 30688.3027 -3968.311326
-9726.591051 48353.37452 -4201.266774
22729.65452 -28553.36487 -899.441745
-46766.74322 46763.8667 -1413.562827
14673.50822 19435.44502 3601.57915
41551.8843 27070.28121 2239.241589
48037.77845 20676.54445 -2149.503919
-40817.93179 9307.608153 -941.4319694
-39748.49132 -15641.48163 -3511.575757
-45861.95891 -14714.08744 -2904.774793
38646.86065 -35676.0709 1875.143458
10288.23851 -31106.05702 -1320.738336
64.52553159 -40693.57349 -799.8176808
6877.806787 37356.51619 332.9408717
-34493.93555 -4303.926759 3408.362091
49827.31541 3573.237514 4244.568679
26133.93916 44556.94064 -3800.700544
3435.237773 -463.0710577 4971.881099
31043.41305 -31937.28007 -543.3652854
23613.12396 46632.41113 2211.711626
-39845.06249 24407.727 -3770.832769
-27636.77325 27691.86625 -1785.129531
25906.32374 -21502.96054 -163.236924
14404.23934 -27210.29155 461.2944992
-26638.75984 -18050.8911 176.2836832
-41230.79172 24096.93805 -3847.303239
37027.40104 9033.922695 -1246.322904
48024.13512 49198.18649 564.5452002
-29528.50472 -27229.8038 -2002.792141
42356.45998 34806.81464 2697.711965
-11125.0513 -43169.68852 2392.953813
37421.58417 15169.40802 1056.264758
29456.22173 -25804.02742 1203.245623
-49633.37529 925.4610194 -2364.503261
29080.53751 -2403.476346 3583.019546
-15297.53467 14740.95406 4232.095531
6282.938015 46575.85816 -4815.130281
-47852.96609 6501.461108 4000.616029
27219.10378 -33775.54708 482.1094123
-14193.26157 15143.825 -3113.346036
45581.06711 -45482.70351 -4541.384959
-26685.4065 9361.864985 -3927.379171
826.835508 -43690.09403 1841.308784
-5995.347973 6397.420465 4104.306601
-37767.828 1983.538858 -2549.727956
9306.106096 -29413.81663 2287.016484
-8374.515328 -24503.19887 3079.191776
36315.29405 16349.92985 -288.2246511
23469.37011 36101.81343 -3462.149586
-1228.729603 36190.61245 4641.631813
2438.929869 49020.40846 -4344.612136
45419.0832 349.6466662 672.5343128
-33636.6612 36352.42225 1907.491843
-27959.11717 -18220.7374 695.4838194
-13336.96683 35721.73024 3747.282597
-12215.272 -35056.66493 -1627.393798
-684.7971124 11407.52884 -1032.286957
40293.0592 16686.04746 2829.048375
-25463.73292 37171.53192 -2378.772646
32360.03655 -44112.35313 834.5894409
1722.427703 43941.76995 3173.159094
39444.2931 25452.25019 -4568.451989
-28551.43073 49089.14819 706.525216
27546.55125 -2976.504242 93.68836394
-36798.54501 -14075.84772 -346.0143475
14211.31056 30315.1641 -3203.422032
18266.9476 -43367.932 597.3997872
-10218.38661 42527.3221 3936.023896
-19962.72742 42040.69856 4609.137686
-8964.32797 47419.02363 3534.24612
17038.44223 -46505.73308 -3084.913956
-7342.481668 -3324.048179 4368.535942
39324.64496 15577.94009 4209.269103
27896.08971 -40073.24358 244.3730497
12152.19755 -48946.20407 -784.6033079
33513.78099 -12006.96405 -3181.953249
31298.72411 19469.20212 3406.048203
-5126.781479 -49700.52266 3205.550662
-25724.8055 -14347.1058 481.103766
-28732.08764 -7482.729581 599.3249913
42727.96545 -5032.056838 -4048.278851
762.3716365 -32495.06744 -704.8569611
30281.28309 -41264.71339 -2473.620483
-28020.02778 -49402.422 2062.829803
-4100.566346 -33250.74648 -3537.466166
-48533.51561 40738.58873 -361.5499107
36625.8758 44571.59678 384.4172986
-22159.59618 -31062.11486 4564.507927
-44954.88282 -16112.91936 -212.241092
44842.13898 -1854.872398 2345.628788
34986.08125 47690.87512 -3006.373461
21160.99417 45028.12989 2646.020767
49974.22847 -33193.92202 153.1993045
-7605.520591 14495.47521 -3746.877108
-40248.47332 -34057.81656 -2333.078598
-5025.209212 38643.2102 3402.330905
-39093.51929 14395.42031 -818.3717279
-42750.85041 -1680.40851 1925.903397
48815.06155 -15154.88511 4268.468415
-1154.776545 -46482.34364 3028.851998
21545.8192 -33106.34438 -1751.608714
48315.56359 -28955.42778 2927.736259
-6533.330765 10462.58816 -351.2673276
-47874.11691 39262.48502 -4351.401957
-1590.499792 46779.93999 2483.327591
-39420.91265 23476.51319 -3401.859846
-26258.90785 -48829.14691 -2490.671183
-38897.09153 43711.36554 2123.374576
-27979.00188 -38038.24383 -2219.998371
22350.9975 4099.912744 2527.08712
29434.80256 12529.9106 -143.1437887
-20707.19599 -37315.728 4431.620066
27947.75529 39115.44875 -218.7483735
44060.42313 4785.774317 1715.106482
15368.12979 9882.404322 1421.809757
-24406.45936 -48816.8274 2747.413905
-19252.85647 -2807.797023 -2262.701392
32192.16763 18358.30377 -4983.562014
35971.35397 -8776.223529 -4072.570804
19812.26831 -9372.116659 583.4540983
36026.99766 -40497.5028 3071.044247
32495.76826 37481.47346 -4854.123839
-20831.57397 -22671.83802 -3640.173204
8492.858883 33342.23785 -4359.912467
15088.32436 47800.26265 2086.522473
22944.08111 30524.07092 3308.313462
18200.39364 -2607.337828 95.0534776
38206.31727 705.0349991 -4127.852986
-16513.06924 -6817.311059 613.3862955
-42136.14433 13036.87233 4624.295598
-8515.126391 -20996.64661 -3807.812434
-18578.9944 46272.63764 2455.88751
-48520.63263 303.8673974 765.6173951
33814.31284 -38302.29731 598.6878031
-36069.7378 -41399.16637 -3546.512497
34755.46281 -16986.05683 3949.057929
37398.09666 38322.66459 -2754.811791
23532.66142 -14471.20837 4216.428613
17932.3061 44260.19968 -2740.450781
-18771.33832 33786.5062 -1999.184248
-43736.4889 -22442.15605 1833.555551
-16262.0494 38617.87453 4238.895025
-19088.50157 48115.71186 -1779.54778
48679.72405 -26429.43736 709.6403921
37281.05409 -1233.990925 -2498.59933
-10988.73079 -24637.69082 538.6933214
-6698.392795 -13465.60549 3120.886682
39193.06857 -2193.04838 -839.9213338
48726.11259 -15047.81118 -19.35611156
-38139.45307 -12192.11057 -2325.654523
26805.25435 -3312.824344 -4241.937816
28128.54125 -14876.37444 -17.40843697
3877.296031 18423.34825 2598.830395
-28534.03768 47555.96346 1486.837635
-3872.983045 14520.64381 -4505.145386
38528.60032 30241.03858 -2194.511057
12951.73653 3221.810369 -4507.702875
46478.69296 -44738.90869 1366.691734
-48945.05397 -47282.32149 -1630.422869
-5264.21452 24805.5908 3780.387622
37403.43465 -12735.65797 4013.36379
-43972.30869 -11300.78271 2082.325862
-43363.48185 -33656.49285 -1632.841739
-22460.59925 13813.39845 -1986.732161
-21442.4197 48563.82493 -2217.355547
24712.8397 -23770.96974 1871.909287
18395.13445 -34970.85674 -3116.057525
19004.73602 29313.6293 96.58322159
14587.58106 -32188.8286 -78.74577712
-49995.52404 6562.866602 -92.72193783
-43651.13859 -14153.17168 -783.9824945
-10710.60289 -23403.92377 3787.654522
14003.91946 -15835.77389 -4617.196512
9373.695355 -25168.86498 -2075.070576
26356.98868 42641.81403 867.2082396
-474.5265032 -5891.917056 -2613.088419
37411.63992 12435.95911 -4036.207054
-12297.30529 5234.889476 -2944.933706
38980.89432 -11188.10853 -4501.70005
-3199.690554 31724.6991 507.5923781
20247.7104 2364.842454 -579.0398009
-15582.21284 -19114.74369 -3029.755533
-33945.88595 3872.936495 4419.109819
-4937.025785 49343.26155 2557.853086
22368.81 43845.41102 1552.355134
-32341.30787 48485.40318 3852.044656
-33712.00447 16938.38964 3575.269222
17704.67351 25043.8672 1411.38052
7438.723228 40399.13557 2790.341716
-45332.67006 28346.40046 -4026.493275
-34015.69234 -21938.21282 -2403.41161
-38539.32278 -16040.99474 3997.13007
28714.21396 -1099.63759 -4725.535409
-34569.41512 8935.170397 -783.0047649
26648.07239 47264.43669 4761.425535
-39304.134 45112.30955 -2020.601283
-39763.91217 31364.87757 -2745.383248
-19291.82365 -11925.29529 -869.342979
-18581.6162 -25888.55564 2119.634934
-38048.76811 30509.93499 2190.592165
-1449.228874 14742.41587 -3889.580881
-8742.926728 -754.4029939 -1198.204126
49572.10151 36338.0495 2543.947652
-35282.81133 12985.89383 3435.043028
-13069.1793 -20459.64924 -3138.572498
27835.45872 30563.33265 -1699.321658
10090.98118 -30462.77404 3989.80634
37485.4937 -40419.4865 -3502.859176
48385.54526 -13096.66029 -2247.295252
16057.44882 -47419.82543 3624.904243
-35113.88039 49012.48104 -4218.108509
49600.43338 -13104.94733 -4962.653541
-19266.35722 43381.08971 4979.142932
-18875.51993 30301.16226 -4160.153883
43093.59647 5486.931277 -1381.676354
29518.30207 7645.563038 -4698.330254
19101.29049 -14829.89541 -2918.574674
34367.15828 -31100.60154 1979.43374
30770.83054 -39734.50381 -356.0855646
-40722.96292 -21857.03438 -3018.720061
-22962.36549 890.2931664 -4570.23801
-47657.02964 2491.028795 -3262.009606
-14715.19523 -3603.57423 2776.648358
-24821.92454 45099.42664 915.7102565
-12125.27961 23718.21882 75.17349847
10630.13516 -27519.79994 -915.9952377
15507.92616 44025.73992 -1858.020944
30391.56423 18745.38708 -3610.949442
-42216.82502 35940.2871 3543.735756
-3613.980299 -8309.797349 -812.431451
30136.9265 -24057.00656 -909.3780947
12542.63045 28664.77548 -3835.599695
-12955.41242 28787.85835 -3152.465345
2434.123053 -41648.88336 197.9923476
-5011.477116 32923.63001 3746.122702
27321.97883 -5348.010028 -2145.665222
39617.75269 14426.77673 1387.135705
21689.67287 21551.89054 1175.222003
42326.53095 7437.616341 1327.836456
4752.698863 -38872.58466 1638.396317
-543.9932985 -49288.4674 -2416.558243
-15573.19582 -11433.34209 3495.048953
-35573.29827 -38773.77333 -310.1655073
-35716.93169 41348.29238 -1324.477978
26843.14708 -45594.59916 -4954.903827
27359.68005 6239.307467 1337.507435
9424.174413 35741.00092 -1685.31756
-16032.39759 45942.71199 -842.3717189
28704.17147 49047.49366 -4410.983872
33494.08885 -7125.638118 928.1704369
8705.777777 11853.2943 -1046.638881
14055.15094 23648.52199 -1199.968933
-19171.70522 6344.339024 -1177.680856
10493.34283 -8237.486624 -616.488515
-30867.95572 28438.67202 3852.682631
-19735.5831 -34133.24876 -1545.258296
-10166.92843 -36809.46579 -56.91664819
28597.18322 -41160.62397 3643.689403
-8056.747337 39226.46745 -1972.803438
-13104.56227 -44299.90145 -3651.881122
17037.6118 14888.10377 -4168.668268
-27611.50943 38206.76357 -3893.419262
13877.8902 8684.421716 1422.852244
-26715.43885 2605.483356 2550.387724
-33829.4995 826.1125122 -2194.706435
-335.6398937 49820.10331 -661.7011484
-12119.4761 -26019.4401 -2628.112077
38484.12013 -20620.00518 4699.758724
45849.3106 -10437.79185 1289.415897
5841.850799 31558.14222 4016.013605
43186.14438 34707.67837 -2630.216997
3149.21077 -39967.76761 -1329.923346
-42995.44907 36202.37685 2551.187887
-29652.62096 -44818.56493 1437.163885
2312.533291 -36139.27607 -1851.939268
-18729.43355 47660.58757 -2355.502803
-43445.62709 28462.57094 3640.56352
22711.25896 -29442.50684 2061.860731
1093.048232 26343.62935 3618.421363
33568.92118 41892.77521 -4985.013595
-4386.910873 -13257.56117 -3008.737993
-31108.54595 33885.33528 805.7549455
-24540.2745 -45533.08084 -2794.403027
7896.913212 -940.4292981 1205.739248
-12853.03125 -5891.13429 2887.955978
-3064.260929 -11438.94043 -174.1107843
35374.54006 -39947.3599 3866.983134
36378.27821 24794.63641 2146.788103
49788.44482 -14322.05516 -882.3198747
7206.771666 37233.76533 4074.408964
32328.35338 -15345.81157 4760.429615
30850.81385 18533.81261 3043.229714
-44193.5943 2530.996059 3284.539701
-43708.66239 -18089.46814 1670.552015
35154.66348 6553.002971 -3794.434853
10263.9379 15901.37223 -4262.249607
33373.18261 22869.44365 -905.420472
8802.820293 23837.22893 744.8053181
-16756.27603 -49662.48575 -2653.289768
1376.477209 -29921.49573 3664.325204
26048.11626 36792.78373 3374.847622
-38904.10723 -22737.3948 -2810.004044
35404.1774 11789.21346 -330.7922794
8351.216984 3153.81489 2357.696335
28661.25562 15294.84434 -1054.963975
30362.91927 19487.02168 3657.909035
-37312.28756 36397.01938 -2785.292421
5918.84779 -23689.31659 1449.040254
10254.03989 48065.33133 597.5984842
-1135.94517 -4032.440082 424.8958413
169.1209881 30655.8647 -1205.605328
-49184.36943 -40674.57002 3861.166546
42126.67769 3989.790534 -3477.189144
-18724.24465 -35564.52463 3375.539847
49467.52812 37262.62597 -68.5686027
2414.955156 46350.14786 1895.537535
20782.75825 35014.91969 231.8807189
30404.39225 43247.4777 -1296.316496
-17619.98703 -16117.83468 -1902.713094
10903.97903 49137.68471 4648.210428
-20400.26689 -15481.90313 1038.826747
-12287.6739 -15672.74159 -637.1956836
40553.44355 22414.76343 -3870.740752
-44166.28132 -45631.95636 1249.491032
16652.14673 -12328.33313 144.475935
13363.76604 -20803.20517 1948.665755
-32722.91754 45878.18873 3297.117043
-22430.14287 -2902.58192 -2727.634695
39361.52132 -11776.38346 1514.261067
8566.487426 32853.62779 -1581.104762
29120.70103 -29887.0505 -4072.579307
29869.78315 5819.793319 -2768.184805
5324.920206 2639.53094 -4394.905144
-6574.924005 -25681.65264 -613.4971459
-29303.6791 45739.74158 -1345.507436
-1292.694105 -37297.19784 4953.476025
25082.0612 12851.65081 -619.4284057
-22099.89523 35444.73489 3158.868287
-8919.193936 34162.16861 1139.423703
19915.77982 -15476.18914 3569.671536
37674.86929 -18694.24651 -930.5272724
2945.661451 20533.54318 -427.5643937
-28584.91855 -1652.880048 579.3147259
41060.97558 -25221.34946 1063.469216
-22916.16453 -9567.53905 3618.655053
-42040.04309 47305.11109 3296.696386
20487.96108 10688.29987 -392.4302347
8983.212459 21251.45013 721.7847735
-18207.5735 -39020.79942 -4851.891907
-49905.9049 14752.08961 -2504.271087
11838.49814 29682.4203 -895.1347629
-31287.33548 -16833.3119 82.37175912
39157.18232 -11026.6837 -1445.127229
-38122.72236 -13838.93737 1538.848248
-6262.234449 40851.10986 -4750.93594
39971.47602 9587.369412 526.2232911
1747.107038 -34811.16446 -3330.009818
-32615.43053 43723.39389 202.0021162
-22064.75462 27398.59901 -386.2767962
3057.710742 964.0512338 2821.281098
-17130.13879 2725.702975 160.2122399
30659.19594 16115.14487 2995.930075
-46616.50776 -18278.15943 2070.142127
43896.47913 -31139.50281 -3865.983721
19153.75691 37604.87401 1856.606983
-29148.02916 29760.97224 -4333.063074
39995.19342 -2258.024899 1345.153134
18607.3925 -41033.46702 -1702.129646
38624.7634 -48993.5559 -804.3108556
14577.12757 -1882.94488 1798.749727
-25650.98407 47013.38982 -2534.778275
832.2893962 41812.45394 -1961.835622
1523.584608 -47963.43419 3198.573956
15189.92293 -31409.60407 -4184.033557
-21867.86702 -27021.38422 4536.610833
266.338281 9740.057854 332.6197177
38689.67463 -30496.49093 751.7867696
-19143.49348 -1554.499363 -1717.402016
-18639.93407 -19144.25097 778.2449409
7950.48822 16197.35738 2002.695904
-6596.633469 29877.35069 2403.510883
12982.26494 26444.67943 2792.133609
-2398.264958 23117.14058 -3854.355849
44997.02925 4623.187088 -2811.584462
-44993.81913 31824.55057 -1958.916612
32623.02065 39160.21301 -4939.225712
20500.51119 -48727.6695 1224.673415
-22795.15665 -35687.64775 4259.376937
37674.96727 8384.875744 4543.395545
-15250.74261 -45332.33338 -3641.795472
-5781.083287 -1912.861972 3467.614093
-9451.539565 -28747.30083 3658.002937
21596.80689 12434.44387 -1326.284959
-290.3607325 -2593.140295 -3917.953689
36513.84398 46638.9787 172.5218225
-22692.08716 23387.7455 -2516.829714
47021.36997 13827.52413 -2007.726437
-240.4949879 -25799.19773 3122.012721
-3913.396991 8407.743314 -3133.920866
5246.979419 16852.13779 -2329.224234
34282.88907 11465.07665 -2569.712224
8246.564212 -31132.65599 -3554.566076
-16628.34648 -9999.538166 4652.90695
40449.82342 -19228.08525 -1798.773697
34252.56262 10308.3987 -3677.768968
-9931.161839 27497.08261 -965.9340272
-34851.02587 -5726.319932 -616.8082492
17193.0734 40399.36445 -3502.704319
-27350.73533 28285.55391 -4904.6692
15988.8274 -8264.401621 -2068.741276
16393.14511 -7696.33381 1308.771457
25329.11244 -41311.39908 2292.382179
-29836.34086 -39381.71184 2975.910393
24356.42675 12249.75589 1989.531565
-46951.42184 -8527.999919 3466.408037
35522.65149 -28877.68236 -1022.138245
46900.18487 39232.92356 -4156.168024
-15441.43165 2122.488302 -523.2155088
-9120.288234 -10901.31435 1410.141625
2593.667331 -27981.30377 1103.47686
-24488.24983 -2002.865064 2809.179184
-41218.94975 -9315.520385 -28.90540262
-20999.082 -14305.01302 3146.624018
18695.10217 28142.28499 1749.195888
11985.84292 25175.3808 -3085.887856
-21265.7052 -39751.75795 3776.712284
30765.74392 -38087.33629 2229.464782
49592.93397 14497.04894 -2138.057235
5545.257388 44865.81965 3759.010353
9984.548928 20186.90222 4968.209498
-44644.1067 -11503.00064 -4957.618111
-37101.31218 29952.33697 -2893.563905
-49214.31692 8158.556399 468.8460857
-49855.13334 -38265.53088 -4319.077269
35785.96767 -370.6391862 -4571.4946
30617.70481 38312.78357 -669.2145998
-49276.76442 8140.838134 -626.3338909
-26182.58806 4560.068633 -1840.664466
-44088.90109 -31503.23925 4591.538517
42048.68227 18574.03033 -2456.309291
-23046.40388 -27282.16744 -4761.830228
-26546.84213 5307.824168 -662.0562972
44038.13096 16167.30895 -4333.765491
29426.00057 -41796.44561 -3880.754721
-31512.75336 -9133.355474 1286.75678
-47722.58681 17783.71866 3963.148048
-17723.31293 -4222.031462 -2644.505723
31760.05018 32649.4473 286.1240407
-45960.56367 -28508.75942 603.1481437
-11275.26555 -21629.55889 709.0468586
-11143.41844 -46724.18602 -2704.603316
-7671.940861 33518.39918 2850.837482
-15882.79438 47878.39411 4843.365924
-7685.326964 -37676.28831 1097.463795
-3944.809328 18647.47333 4459.513193
-49995.92267 3433.40658 -1052.043475
13165.76207 -727.5406901 -4737.457249
23305.78288 10404.48933 -957.9116718
-9727.54365 12815.54684 1293.445722
602.7897412 43338.5075 2641.297393
-46624.14237 1984.155127 -2052.153908
-16193.90349 6558.208863 -3382.536398
24507.0254 6635.936313 -2543.798479
-1121.475628 11851.58152 2661.957914
-9988.318605 47493.53541 -1364.526228
-19099.31271 29592.75809 -3079.716909
43805.92429 -11484.76828 3868.664923
6134.058213 -12727.65799 3373.858578
25732.23602 -41137.44965 -930.2103224
20811.32679 -38402.43105 4328.429443
12707.21616 -30748.05012 -3016.564676
461.7949465 -19849.5377 3238.745031
48979.67838 -21752.60317 1587.141561
24730.48267 44154.36574 -4883.063332
46851.81219 -1477.668977 2868.118689
36432.74691 -24415.60275 -2444.3009
4829.401793 31254.42411 4557.991962
-19432.17629 -43825.23998 -4808.90626
8900.400093 -700.522824 -477.610611
-37812.88239 -38175.47485 -465.7465876
-4573.153698 3301.247955 2359.873073
-36332.41949 -18953.12605 -4515.215889
45086.28343 34188.55239 -727.0098524
-4483.099779 11990.52165 -3926.948098
15711.08276 14172.54829 -119.8225761
-13433.05282 -4183.606781 -3351.675642
-21231.01965 18222.65412 -968.951991
9762.819099 39369.92497 4951.7997
-24994.49538 1496.447514 3725.714111
-10240.83604 -16152.04744 -2121.469287
-47535.20705 4234.310969 -529.7977362
-31016.19877 -29351.12687 -1124.775767
-12399.04943 -31272.30559 2305.047622
-1262.809094 -18882.59953 2183.523855
3503.409134 23498.4364 -2823.478587
35760.6956 8543.602034 2254.89749
12261.16385 -14592.17648 685.0035114
4639.864621 -25201.92763 1792.991919
-5684.198897 -32130.6888 43.73779301
43350.6776 31729.1087 -1414.81393
47885.80696 6913.529879 3104.501654
-24727.76971 -73.42325367 -3058.66871
37551.69426 16333.24466 3143.186131
-27144.91459 15647.75415 2977.933401
41619.16183 11802.24203 44.01171969
-15499.93466 36757.23405 2320.131261
-33535.13781 -15127.67276 -2487.639457
6206.111048 -44826.42034 -3057.219309
17995.92327 -24967.59539 -36.63676237
-48266.99021 -6150.043359 -1472.537902
-47099.49168 -28576.59503 1388.908266
45285.15261 11159.88032 2682.065925
17007.49088 -4980.731735 -2840.846988
19068.96072 -32202.14566 4765.142205
21405.06175 11550.34991 -1379.451482
46516.44765 6823.831362 -2597.834618
-30494.74027 10304.54776 -3314.48131
-8846.642092 47461.46585 2059.10623
32742.05669 16036.86316 -4824.649834
8769.010836 18400.58739 1129.610327
20001.21725 -16308.50532 -2112.462955
-39703.774 -1111.520983 4782.677173
-44700.79563 -10694.5523 612.8705114
496.5237608 -40200.46009 4531.9489
28051.50407 -37347.52912 -4473.483324
-19639.84241 -1125.491904 1226.296229
2546.882064 16749.22175 -3706.579254
-13237.04072 8621.222011 4734.980531
44893.99783 -34128.01829 847.9011938
3804.754325 32849.92065 1923.99528
-3665.777747 -17623.75509 -4818.856074
34170.02224 38209.29918 397.8122446
-22723.24582 -38957.47411 2836.951261
-46682.48552 -29840.47686 -1372.766908
-47759.45192 29690.19126 3711.597668
7075.499332 -46709.15812 1267.276432
-34298.34037 12196.98171 3575.801983
21104.69028 41480.88199 4305.64582
-12705.94636 -40629.05368 4484.308812
21465.49514 -30256.13086 3178.591183
240.2611301 -8332.752779 -100.2131775
2936.306043 -48040.05478 -202.8608583
34349.62367 23773.53851 -3822.326063
-8277.383003 48796.02953 -225.9012799
21535.16146 -33644.56094 -425.9275954
43993.56262 7215.725925 2599.67386
14333.79302 -27496.29841 4697.063947
43111.5014 -6642.210656 -1173.58372
6123.55877 -2071.04315 1854.387302
-31319.62251 43392.74508 -3498.344301
10117.03371 -6555.064376 1357.398097
-26658.93878 -10520.418 -3727.577028
-49319.94757 -31509.80608 4442.482574
-46908.18922 -48179.14136 -2174.428027
-27299.9999 15708.63652 1065.058306
-41965.81297 32248.33359 4307.599477
-36338.17324 17000.32325 2020.001244
-33978.07372 10754.69695 -1847.075408
41522.45923 47345.58163 3835.378294
48471.09763 -43864.54004 2044.084814
575.7357645 19194.06964 3622.098515
26169.48851 -46514.42318 -4804.869102
32145.66728 -18223.28294 4984.914205
-31419.89898 -21350.24292 3652.657811
-13622.32803 -29720.89434 -2670.757776
41937.89325 -23005.13751 757.4855161
19354.88006 43112.19404 -2126.175439
44607.50266 18162.93246 -2804.899767
-49786.61689 -39587.3331 -2479.956239
22451.383 37397.1525 -3121.14512
-23766.27499 37938.04543 -490.0186382
3108.269608 20602.21796 -4469.077293
-36652.87141 -5068.443313 -3629.336163
31542.66148 40582.69955 -2436.934985
16780.65756 -35320.67969 1935.69127
-21944.40006 7748.811819 -1633.258353
-40825.11205 39770.39486 -3849.806276
23039.90407 -35473.94888 -2383.282302
46151.27513 -4313.434471 1695.79043
32620.2265 -42440.66473 -3111.429315
-3966.755817 34101.82725 -1746.729131
-36482.44882 -24858.89813 4428.075166
-31445.71818 45473.18653 1534.721817
20489.3148 7897.309234 -3061.039895
-12495.88228 35841.0033 1407.748431
-12496.96859 -7737.043903 2683.236363
-31670.55285 -7131.421256 1347.517608
-13856.43332 17330.24292 -2967.658068
44712.388 15598.23389 -1844.573283
36725.85429 -5327.026094 -2566.130133
5522.746674 -16914.73702 2833.060278
-36186.04013 -45993.72711 -1387.864524
26082.72187 -8041.15496 -437.9118986
-49604.41496 -31649.05171 1004.085694
38126.16579 47926.88521 387.7433169
-44131.12029 -16193.64161 2543.165308
13491.30902 -833.1995321 -388.1771874
-35405.35817 12228.23089 -2910.67931
17805.90371 -44618.56304 432.9934656
3075.319243 -25449.09971 2441.010034
-85.97265031 38884.77424 -4777.487496
29090.46746 10802.77763 -4939.358978
28665.34163 40668.25423 -2849.51933
-6403.185404 48585.31067 1547.65906
-2863.418378 31729.51256 -3623.498391
5509.136462 -18082.00844 -4924.205654
9925.442071 1189.095828 3946.689454
1396.356128 2927.039962 -3520.198578
-28535.77722 -8734.387857 -950.9378578
-15433.80418 26608.36776 -3665.69568
-41999.74897 45196.26077 -1821.621189
-31151.96954 -13195.95624 -235.1167527
17628.43203 -1076.785098 -722.2305837
-34651.91556 -46576.89107 -2465.37677
14301.79482 -4179.010896 2477.0907
-18698.34479 -36315.0556 -669.7719248
-35806.77162 -28018.9262 -4800.458984
23959.99967 -24447.38445 -4460.035979
-29447.40735 36986.54972 -2392.533283
32710.75415 48334.22195 832.9442781
-42016.80084 10585.32895 2246.517887
42594.52807 -18156.25671 -844.6736082
-13164.60992 -30143.24043 2714.763093
22822.19776 -32164.21405 1463.281437
-17511.05276 4946.790176 1210.397858
29950.48674 31528.62712 -4110.626502
46025.48844 35251.45617 1979.10114
-19686.17582 -36774.43678 2280.403345
-16333.91329 45323.06894 -2109.362313
-24291.86544 20853.57501 1874.214991
-14582.09672 -11312.36589 2343.403972
45085.30957 11283.32251 -735.939332
28976.31486 41042.33102 2204.29309
-16064.24483 13835.9931 -4912.331745
20813.99548 -30618.43697 -4407.932676
5240.802564 -35075.48738 4687.137941
20605.53169 -6386.196042 2382.872747
3099.227548 19648.19658 1751.161042
36159.70896 27183.17016 -4113.429098
43694.11812 26442.5144 1044.416822
-39253.27936 11781.47484 -1104.098336
-16470.8912 -3667.517525 636.0988092
-35896.98118 -14307.74806 -3543.831654
-21595.94082 -14133.64613 -2681.991264
-40389.95631 34012.59356 1500.695175
-44747.07065 30823.81838 -1015.127783
-25536.05817 -3318.693996 2412.210115
47461.6512 -13727.54103 3757.134944
1244.224388 -10784.63055 2541.199228
5963.669259 -48425.70105 -1003.286058
-39206.12495 42379.02182 -2860.079579
31207.06984 -25847.35819 2918.564315
-40528.00612 14115.57742 2075.401367
7423.277719 -10115.30129 975.5173405
40732.97778 -15680.69941 -1758.894436
-10759.81836 -21136.73828 -872.6890368
35434.39959 -41078.36402 -4229.390778
36930.09416 -4620.80948 2451.652679
30292.647 -18590.93616 -4054.720403
28048.21043 49477.59443 4761.751811
-13940.30732 5852.620467 308.0503097
32390.56578 46472.85727 4960.724614
-227.3388151 4819.564175 -4488.47282
-27232.20237 7773.94638 2.507046934
-30439.9138 -33652.552 -331.3005661
31742.161 -35593.58887 455.4458562
-17853.02437 26010.4169 755.6144428
31687.63923 30762.895 2618.386819
41003.47569 34476.83115 -1333.496543
-8117.314505 -35588.70378 -3421.383542
-46547.68114 -7758.917921 441.3886386
-26959.00598 -31519.14161 1511.896733
-32995.26993 1963.87228 765.3620224
6701.643913 43544.34459 -4307.868702
-36099.70719 34892.74266 -1903.482667
31857.54358 3370.069305 3307.730404
-43153.00631 -48385.96203 -25.80738777
-30858.22023 6515.434844 -3445.901882
-43673.85223 49355.51801 3781.023015
27989.07368 -5162.886727 -1700.271131
45463.3331 -11048.40488 -4725.404268
5441.410045 -34424.02353 627.2235709
36209.82622 -27420.32509 -3458.814579
-31357.02167 45238.58803 -3644.322212
-49731.31966 -7800.142005 4998.983932
46959.37865 38697.88023 -1440.122933
2641.716615 -7306.503473 -1189.847792
49730.26852 -6165.542216 -2683.455961
24054.89588 15284.22461 -972.7768011
-14882.98149 21136.979 -2614.897217
-45331.10998 5904.769089 -3495.93184
24276.02625 27751.87541 1009.830642
-43610.27872 -17529.1239 -3707.893938
43411.69595 -49714.24406 1572.67242
31217.04078 23299.24196 -4238.79393
10716.5051 42950.61885 -2602.093479
-21945.39186 -8546.944398 4220.688748
-38399.73355 43001.1591 88.93027941
-49077.4052 16365.36554 246.6711569
32757.98615 -9760.028404 4261.309566
48351.27254 -7596.160952 -4546.453705
41308.39184 -39798.89358 4259.59864
31523.1185 -29428.87951 -1282.350316
-16484.29041 23560.88732 -688.4257003
-14923.05893 -42510.95762 3134.407133
-43940.45527 -6392.700788 2296.033433
47626.53946 15480.98817 977.4763644
36530.75047 10684.52815 314.1506994
43563.32911 44095.28501 2323.754957
49221.72311 -28713.88188 -3535.767303
-6980.007731 -17981.00979 -855.9069892
44065.61254 16942.47084 4929.814628
-42446.70674 28550.69143 666.7707017
-41498.48186 -49451.88649 4333.579279
7144.343987 17422.37361 -1457.310339
23099.61359 -38970.50541 136.3345183
5698.434854 -47118.91044 72.25062482
4318.63963 127.3428551 -1294.570732
-43110.52156 28318.63938 2140.335202
35497.80651 27854.22376 -3861.661541
-7183.14038 -3370.579365 2440.528651
-31334.97567 -33963.38315 3695.330851
6689.882995 -33384.47693 1441.524175
-45923.31938 19467.30984 3286.499747
9898.76565 16747.23099 -352.438289
12277.05004 -38407.1 4893.28116
14381.92056 45597.07474 4075.280316
-4755.159438 -33907.04829 -2346.5784
14884.45093 -32216.21121 -4825.90951
-30541.81694 -14106.79911 3460.680609
-15520.35051 -42464.34001 4287.147206
35953.51642 -8395.49772 -4361.140074
40491.84728 46966.99451 1047.674424
-14316.30248 8136.794095 -2956.771267
47054.94254 36479.7401 3135.03062
-14135.45443 -43570.40389 1425.564934
-48970.5045 -36197.41098 -1744.718526
-48739.04729 36942.28532 -4240.281693
-28739.57429 14804.32893 -1896.729603
-35696.48998 20837.07284 -1544.880117
-21550.21039 48174.1187 647.8615536
39672.20054 -36843.12543 3007.133225
8553.347141 1459.22405 -3570.516005
-23450.58381 -42737.812 2056.126117
-13524.85796 -15374.58051 -1190.792807
-20032.55128 -5378.95488 2812.717098
32300.57042 9947.389293 4367.253649
42712.26455 22228.00567 -2379.994767
-8204.388756 -30656.54857 2772.582866
11039.10897 26491.96167 772.7978513
41634.50413 -5760.997673 4277.188649
6862.38999 21258.946 2640.642927
-43642.97201 -14315.12172 -1255.316175
30843.35944 14715.07215 955.9370473
-14890.83044 -44691.87128 -63.09854854
6890.982087 43294.85914 2829.189416
22038.32523 27527.24256 -2996.903397
-2111.552818 20566.50739 -1008.368499
-30392.15132 -4147.218236 4139.572887
27879.98005 46500.16503 -4773.562439
-3822.188306 32884.68297 1221.14396
35330.65781 31336.59295 -3229.824138
-13487.62534 -40206.66468 4812.387802
-34092.0105 27274.69011 -3124.291767
-5966.777614 -42102.03015 -3014.031439
-17261.04486 4605.007297 -1609.558307
44612.20486 -49739.71758 797.5706181
-22448.55765 -34090.52918 2852.636278
-47372.86027 27327.12262 303.3475716
41345.76373 -43583.27239 -2538.015988
45683.05523 16968.18038 -983.19954
47065.15135 25569.47166 1429.788731
4271.57906 2147.279283 4650.021616
-48617.66395 47202.78432 435.2808792
-19793.63331 38053.76779 2861.68914
-29364.17483 -1074.302823 928.6584279
23761.1728 -31162.9336 -3468.249514
-37317.48541 48143.85477 -439.7730653
-25440.24901 -48312.74314 554.1642499
9240.179148 -49611.34014 3055.225512
14362.18164 18344.66832 -3136.360842
-5703.142116 -47157.98771 -1139.393577
27229.13924 -33635.9978 1269.546545
-2889.542874 22152.03473 2415.483693
-18718.53408 -1843.822865 3690.394216
47252.72385 -48737.709 -1304.289094
7671.979374 8200.41821 -946.4925311
-24065.29148 -15115.23754 1704.014974
17265.43791 48271.73125 -3305.851108
-4859.419708 -10221.23237 4884.251247
40426.47989 -49683.28597 -1409.594134
-32899.27205 36770.0817 3328.454591
6140.68622 16551.93277 -3060.330633
-16366.38692 43963.02434 -4025.201113
-5325.320569 -35577.42742 209.5424762
-14811.85246 33379.24304 780.1005113
21267.67685 25817.29268 2971.504696
9759.793074 6847.427877 2296.319236
-25731.97793 -42572.74853 -2073.957489
48444.71865 -12529.35038 -630.1962782
-4580.392219 -6980.629803 -4743.586275
-46203.89277 -6727.992481 -4446.37715
-1240.175936 -10847.95459 -290.3459731
38672.55931 -11515.24874 3381.33081
-27344.33483 2326.855597 3896.541803
23319.42204 -46951.57343 136.7540605
21425.66031 26250.50428 1630.555762
39048.88417 23680.26237 592.2356688
-10543.85659 3983.429734 2228.249354
-46921.36919 3573.475136 1945.945014
-6830.082808 -8363.082957 -2977.060495
11301.00709 -12923.59949 -505.6496491
10687.07512 -33181.78296 -4213.357181
-40615.68382 26173.14117 1619.912695
-1957.098777 -39949.91984 -2899.810547
-32758.91473 -32733.71778 -1595.691755
-22788.99603 44677.94128 -2728.839761
-6950.612362 -11220.00482 -3698.056412
-23313.97439 40989.84173 4434.973913
-21675.53896 -31988.9345 -1657.510668
16174.91357 41688.35017 4390.021778
-3227.503695 -3127.240328 -3204.219707
41711.72885 17778.545 1404.713822
-8548.676603 -42212.00465 1714.372972
47178.42998 9395.038405 -2908.623758
21789.11646 41543.38515 3278.933095
41590.39257 -37711.17973 -1384.173837
-30565.78852 42145.25871 4541.267477
29800.52106 4231.55504 1561.999917
12438.14003 41912.2883 3174.806112
33873.78151 -6634.936846 -2692.908417
-2784.94354 48496.25706 -736.718191
18192.37566 -32278.10233 275.8473071
-11623.03857 22893.9451 2294.007802
45202.4475 -41149.177 2711.459287
-23015.73833 16498.28297 -4220.536464
47758.39001 -20667.15616 3990.906948
-27359.5775 -4494.469924 -2675.055844
41391.86952 13202.30769 280.4878264
-42502.41866 -17767.68698 -3286.303422
-8738.309942 29588.77757 -3517.608698
-19361.42218 30386.22924 4282.313872
38480.39838 -31947.11716 -1791.59172
-25189.80878 -484.8295745 1428.784005
-27744.17245 25514.89425 2487.378349
-46492.63797 24940.70084 383.9354993
-19148.47483 45330.73934 -1017.266744
-9776.858627 17883.45323 4099.293028
6315.401276 -45350.57528 3731.588051
9320.620338 7275.579525 4018.244334
25938.77586 31982.74571 1215.809608
5297.847602 46571.51517 -3487.071477
1053.703231 4019.136812 2398.401804
-9263.532952 -24322.27453 3941.63093
12198.74604 28114.228 3022.499533
-15054.52266 155.1943483 1565.074048
-39928.2207 4394.74296 1956.069277
-28603.5961 -32539.10194 4962.385942
11233.22891 -28588.51516 2125.670196
1278.987393 10320.25907 -1470.307157
-42077.40035 14693.61189 83.92819105
35393.27034 -17458.51408 -2040.236823
27945.43819 28570.33416 3367.947749
8616.899539 37868.80171 736.9202365
-49560.50275 -25446.89223 1863.973258
-31509.20618 17732.05905 3973.865958
27541.74639 -8875.366576 -4467.049388
11076.58221 -10605.5813 3071.357373
13681.30878 -7216.470318 -1062.349403
14117.94686 21704.64288 -2649.800117
-30521.5825 21051.72301 2313.309808
45550.52671 -49964.87017 -2705.436507
37694.08127 49640.23653 1612.6258
-7602.283622 -7959.898384 -612.0467424
19801.63968 -5092.165783 4901.515332
-21109.81745 -23709.01399 723.4636257
-21790.69444 -34922.24749 -439.0606859
-22259.06055 7023.670943 -4877.162976
-48946.21035 23619.14074 -1392.132433
-49058.489 -7823.329997 447.6180982
-41204.23501 13036.53611 -1107.870886
49892.57406 -46620.13027 4132.672925
-24637.72359 18269.93602 3856.493801
24921.52457 16906.31508 1211.848038
-45236.82523 -31320.34273 287.6979822
21428.31535 -28575.43905 -1707.791667
-37875.48851 -23060.2937 -723.0158886
8346.86058 -42301.67437 -1237.964083
27991.04703 -29457.65215 -670.1721356
-13002.04221 -9798.6377 3947.65941
-5820.215837 29867.25685 -2284.015584
17600.41004 31883.06866 1112.029102
-1861.544663 6515.240219 3122.959432
14574.42087 14259.0821 -273.3788891
5436.953037 29545.03202 4486.192076
-44739.52699 -6510.40143 491.5161837
43048.5468 31415.71451 -1795.598042
14992.53116 18978.46255 3959.668529
-15929.94815 3708.023765 1779.017044
26262.31128 9752.090989 -2771.310245
-11031.78729 16668.16559 4991.739792
16658.06393 42806.53533 1040.789903
26471.28693 -44698.5561 -2634.827998
49497.60891 24521.95869 2681.450494
-8067.901154 22512.15991 -2871.042367
-19221.03817 728.0391582 1515.0503
18866.27151 -30415.77792 -4546.577084
3848.730934 24803.08772 -4342.964613
38740.3262 -20062.36195 787.0948888
22563.08321 1555.589765 3925.248323
9563.095305 -20555.25026 -821.6722915
5877.299068 12533.25249 -3748.462082
26079.51455 -38183.37989 -4188.895526
-10789.00641 -49454.72986 -3055.640913
-29833.80123 21721.6707 2549.376552
32236.55847 -28777.43253 -1076.056857
-3627.549376 11805.47998 352.6044063
34286.27351 -1337.088479 -4080.892255
22326.91942 -48609.75945 -4181.791242
3809.529514 22239.24156 2102.655785
49488.82608 -26057.16795 143.8342805
23815.00226 -23418.559 2555.817802
21464.09799 -47036.7961 610.5473008
-42317.12273 -30987.0122 1986.419135
43583.43926 -27300.76433 3255.612269
33887.15878 -1385.486304 3152.693935
44595.37499 -5038.052053 4911.754409
11493.66751 -27044.49542 -371.2045161
6779.719787 -16440.203 -2213.639966
-34393.41407 38714.71423 -3701.4216
2702.45012 -48267.30264 1900.520211
662.8127611 -8696.599419 2808.092887
6321.750372 -245.6603304 1676.542776
30340.73641 -23073.72093 -213.9288379
32765.94538 -21810.89102 -2192.325149
-28126.246 21969.55617 2368.698199
-20747.16906 -20108.57303 -4817.435219
-37629.31073 -15255.41672 -3152.643625
48793.55388 38175.15307 1118.212039
-23153.53477 -23877.9897 2150.676302
32407.65881 -37615.41801 -3396.705544
-43383.34039 14777.13866 3525.87444
-29198.83121 25723.76706 -3633.493636
26418.61224 -25545.61807 -1211.28018
49252.09189 18078.85586 4314.588935
-48383.27714 -31848.15035 -4295.802453
-29181.1753 -14075.93957 -4728.431014
11884.68581 -26671.03553 -3850.028729
-44089.13426 -30429.03165 415.7411435
7800.268186 -46024.03716 -1357.973846
-33811.0655 44488.07378 -1553.062193
-20889.17632 -3461.483477 4619.851731
-30915.82425 -32440.48273 -1868.364461
-35711.39179 -44256.30751 1680.976131
-19500.71901 38446.97924 2576.391737
-28822.84101 39839.35735 4393.966243
48294.1431 31933.01298 833.9200382
32706.87767 -22822.75737 4192.397627
44876.91901 -1057.148257 -3930.031087
39645.37188 30165.35498 4465.123399
-37308.21201 -4536.761984 -4288.862732
19209.02144 -24105.09692 491.0245976
-26868.82124 14504.28859 -2063.173249
-17974.26604 4917.198556 -2682.170686
-4865.124845 41564.81467 -2515.51636
-683.8593325 35473.84147 -4954.042773
-4758.902615 41164.35096 -1594.154719
-11552.8322 -10512.0727 -834.7798124
-10519.0618 32566.41633 -3083.585721
-8153.724167 30256.94472 2754.965689
35670.41467 -18676.19669 1665.46027
-7927.607431 45043.09215 -2298.312977
-201.1288157 36145.88868 4843.699084
-40308.42382 -5997.844555 -2377.783276
-25127.30461 43931.66913 1300.366271
-24929.93938 1459.94093 -2508.502409
2727.453514 23115.58155 776.86323
11171.99111 23298.63695 -2733.889478
9313.462686 9692.67222 -607.0855547
9133.646451 41705.4503 -3068.69349
-46131.80188 7852.77916 2383.445096
-18287.9602 -30434.96132 4681.56667
-10388.36586 10212.14228 4706.42949
-37503.22763 35666.52966 -3303.527079
-4664.224111 14216.19755 755.5427314
-161.2649885 -9754.6698 4329.191357
33742.55079 48811.72868 -3588.93342
-5351.898422 -42030.55851 4399.152467
23468.07972 -13343.09558 1097.298481
-34192.8008 -20988.50364 -3462.816759
38203.18038 2839.56689 3512.801425
16749.27542 -48690.14858 -2176.024155
-22133.77936 18117.67923 -1507.667366
-38260.4592 -37801.32031 3536.342312
-28068.14713 36482.92927 -873.1591973
-25659.10589 -42150.53398 431.3896158
-26789.98356 10044.30794 -4668.012827
12831.28839 -45118.70352 1952.121814
4031.615176 6466.428657 -2372.086694
-27995.29067 30490.19439 -2739.436833
-8206.530042 -4387.022693 -4165.10222
-26281.20146 5032.970734 -3455.036577
-11116.8246 8446.532794 1311.909801
40686.92627 -42311.00033 -400.0366285
-25461.63579 47021.74948 -3630.030027
48614.97194 -13633.11749 2113.259389
35894.69947 -45790.5998 -1343.866629
-28076.33134 9152.867941 -2542.480854
-949.5221814 -48321.92756 1763.538397
47204.45418 -25774.30643 -576.3304878
-1200.268345 -46669.7413 1835.595986
23052.54287 18955.04093 -2944.413797
-26683.33371 15405.70387 4887.818712
20345.93827 46047.01317 3536.409223
3027.225582 -37267.56225 -4136.357603
-10370.29317 -44171.23682 481.2756837
24745.89013 -5125.889502 3719.113383
-7988.921765 -11595.93792 758.3493909
3800.378836 33827.80826 4962.85316
26016.55071 -39765.77252 -2256.92807
15112.31915 9667.93905 -3314.417285
-15155.91414 -12653.44839 2042.500719
18089.30763 -9173.031546 3115.423212
-14221.21339 -27840.02924 3139.218605
12443.35798 -19715.56861 707.1095757
48316.74872 -18582.28338 1261.750029
24410.73314 38872.86818 -580.525841
49763.02516 -49912.09052 -4174.352065
-13962.92958 15342.95473 -2037.658299
-12983.5936 -5109.74973 -828.8839485
-17444.11926 -7854.641666 -3454.079931
763.5213842 5577.12173 -3023.771601
-14493.76487 -40298.46875 3432.428953
5613.592524 -1401.728206 -3391.502667
-45816.39764 -15059.25343 -2733.527913
1643.013883 736.9487553 -3601.253317
17141.05653 1183.39546 -2023.254884
20698.10419 34417.84042 -4785.136654
16403.93046 4444.517674 -2603.985626
-19166.03419 -45313.5331 -1659.465008
-34264.45216 43619.47777 4506.705141
-4813.482777 21734.7228 -776.3440137
17941.6846 6748.636447 -4834.548574
-32437.97128 19258.06623 -4511.767408
49287.20179 2473.830801 -3482.858448
48268.97757 9120.787801 -89.1202642
24184.46699 43349.60982 -3115.074132
-49830.18562 -41991.00741 2507.98497
32437.95152 27353.90483 -1781.143329
-47523.41203 23611.95726 4944.953745
31218.42388 25031.33643 4218.766842
-31655.38166 40311.96814 2172.45999
-1554.857162 -23613.13939 -2421.921243
11475.1319 41105.66109 3821.747254
19847.42505 20106.26715 -2203.938199
-31223.83878 -6035.965466 4589.840512
36002.31658 -21015.6156 425.267469
-27218.79405 -41086.21204 -2309.134983
13599.51675 -43596.7392 1074.611703
-47236.33588 7973.451554 1784.931353
-21381.32181 11236.72768 1987.477855
-13049.53291 5391.363498 -4242.208282
32429.84525 8877.783023 715.1618666
36172.32538 -12179.66971 1177.121085
46590.6514 -33744.94846 4045.158886
-21017.17564 -5026.69004 -528.4493383
-27210.90722 7540.772634 -2670.989525
-34334.61693 21854.31028 -2302.078214
18791.67345 38167.56731 -4900.657676
5326.125781 -41020.07215 1585.521252
29076.37616 39710.48566 -2437.057448
48472.56219 -44102.02501 874.8417027
22128.70168 26015.40736 -2541.894946
16816.82129 25601.73356 -343.9815551
38659.02559 3048.030009 604.9475048
1159.345573 -39024.47553 1978.378486
-23506.17911 -37450.54496 -633.245378
16588.77219 4474.423949 -4344.076002
-42103.38337 12952.32087 4219.238975
47730.7223 -28138.76503 -806.5714516
-9435.225354 41971.51171 491.9921836
-23289.14526 48601.41352 2643.21127
44189.58714 28910.0642 -3853.370268
-20253.26882 -8833.32861 2770.438329
-30030.38601 -5006.430452 -3458.792065
-39517.87179 23018.82739 -295.0947752
-7299.121751 35028.08912 3452.905603
25540.9306 -2398.746808 2845.746557
-5763.919567 -47809.66614 -4498.792101
15636.60837 -6876.066939 -2918.117217
47334.91063 -1221.569307 3500.127433
-9090.326222 37733.37524 4568.028941
47469.57368 -23663.56252 -868.6988093
-45853.83917 40599.48708 2355.082694
-2188.372557 9390.238497 -293.2035264
-43005.24509 19254.67944 1592.390116
38700.46634 43204.65418 3068.489784
29622.06669 10077.36597 -1724.765398
31776.44808 24575.13964 -1393.769991
-30730.62443 -37393.42877 -2061.957587
-1660.724881 -7552.095073 -2318.501797
-5670.502921 -1079.342464 -1996.529466
6787.904098 45289.473 3938.584946
36543.41621 15514.44713 1002.277633
8422.424925 -7976.206779 593.5545617
-43156.42217 23648.34309 831.4463589
8412.069796 2536.524615 -3950.201361
20852.68829 18556.5427 -2661.978388
-22502.65772 -30965.66907 1545.131155
43092.59383 -41122.82749 -3418.259403
-17993.5873 -34680.57055 -3257.58766
-20378.04717 20654.39292 -338.8919649
-36874.5397 -16883.01953 -2551.818015
11199.07519 -27954.00538 3582.211381
-13910.81259 -32977.42789 -3364.26356
11228.7679 -41838.69567 -1531.690044
24712.95916 31869.63282 4408.278473
-5801.068171 43355.00408 -4579.598842
18628.07181 49061.13621 -4376.551779
6051.63751 -16495.79415 4393.0412
16514.32279 -28271.25507 -1990.00438
11891.42979 16148.16004 4518.715347
-30292.03985 -22574.74096 2336.583762
12213.71876 16356.37828 -970.8161816
622.5519716 49261.9375 -644.4015931
33432.71473 -42773.10702 3811.29017
-10161.7215 40289.68166 2183.564495
29496.86241 27693.81965 -81.16698437
21557.41164 13526.17181 -2383.458194
8660.437655 32752.18754 351.1112984
-42287.55669 -31636.83269 3809.530606
5809.728194 -43338.65726 4129.656168
-5281.464092 16915.31736 -3191.73882
18309.96506 44070.8226 1909.839585
17067.61855 8146.995606 3935.852316
32862.58807 -27519.37783 -1191.035258
15443.02787 40417.96629 -4131.244463
12090.78512 48611.49863 4829.278772
-28435.01037 25866.67377 -4321.473591
-25928.14868 -46493.777 3611.934929
7147.428573 15764.42205 4077.281211
39037.16223 -37911.36661 4202.307416
-33815.35125 -38493.72476 -1936.025365
-34272.10771 23705.56552 4695.98422
-470.4251209 31483.2494 1999.509301
-18147.26556 11782.51127 3032.361366
-45969.46695 -29193.97514 -3990.061459
-65.76109513 47061.18918 2458.090469
-15884.65978 -41011.63587 968.6282098
988.8933148 46293.32054 1528.931252
-4192.684753 1064.218949 4200.021383
-32575.59487 -4454.906164 1510.707927
-44327.00991 -19108.72286 -3753.811707
-32531.87327 -39928.03874 1331.350495
7611.837066 -30271.88351 2276.126622
-15676.16346 39743.74758 -1841.43666
26086.68426 -22812.54942 -4726.146808
36109.09212 -43540.26252 -1689.262612
17948.05398 18637.38219 4919.85711
22819.23946 -14901.02414 1616.738257
38019.43973 -7628.807188 1037.6248
43328.75152 9460.431619 2570.046123
24970.50846 37522.02287 3781.63105
-4210.973512 12782.54262 890.5557018
-20306.40804 -9530.178379 -2459.343911
-15507.67254 -17435.18486 296.3744436
1877.798303 30802.85404 1199.737418
-32332.1366 -33118.27521 1502.635099
8451.904427 14412.58082 -449.9000957
-11086.41758 -28448.88974 -1104.893661
-35324.10154 45832.33286 3379.633549
-47757.53632 9202.48658 541.4810277
8578.583135 29670.64627 1792.579542
19541.10212 39078.7995 -51.1576772
-34263.02818 39102.23171 4844.799209
32285.0379 41068.13609 -3581.484356
-6107.791466 -22532.03156 -3123.994208
26449.55755 38412.58899 -234.6765364
18812.32344 -38075.04695 -4106.523395
43684.18554 -25410.15869 -4463.159727
37387.23182 -43866.85037 2597.873949
-29800.21851 -36126.57183 -3291.697526
-10900.9463 22104.85026 -403.2831045
2844.327274 28991.41523 4142.240325
-9307.924768 -29833.62593 3580.834407
-24075.47229 7656.547604 634.8827978
14971.48925 -8139.592504 -1991.122874
44036.12958 47324.225 -3227.414473
-28684.83941 -33363.50133 -523.9718974
24259.78355 -41287.29901 2220.708846
-28816.78414 33353.72396 2993.135368
-39087.9457 43342.00751 1400.013569
27758.79609 -15001.45943 1264.086012
41801.92516 -7889.882379 -2589.021619
-30763.87629 42376.01573 -1222.190206
-25198.91717 37180.57539 65.49457861
2726.805986 -29643.1679 -1803.101885
-25322.57381 20242.47877 653.4331404
-4687.95171 -34937.42959 4343.594674
22573.55829 42940.34529 -64.44399602
-9885.771659 -41839.32127 -998.9204683
-15814.23793 -36007.28585 -1412.628908
-19917.79246 36054.61305 2894.030807
42954.74446 17472.23052 69.5286223
23921.51671 18905.38394 2614.511709
-49412.73215 -23104.09234 2662.747798
5208.878387 -46670.81002 -560.2745396
-1150.188206 2255.040199 -1441.581803
-34600.69081 -13332.47851 -478.0732054
41312.67146 -48907.73572 -4553.49362
7792.206068 -48369.16043 -4075.570168
19936.73735 14330.54441 -4080.116556
-4819.86922 44802.46748 -1762.355801
36595.68338 -37573.58073 3873.94203
26031.48023 32481.94272 1619.163976
18032.77755 40948.7929 2694.649
39596.40541 -920.8943325 4546.366553
-22266.97342 -33653.61179 2776.605101
19820.62854 20217.17599 813.4217401
9962.646436 -44479.59222 4527.022405
28688.32826 348.7108384 3809.038386
-34732.44971 2108.793767 -3441.997809
17665.82583 -12155.5577 -3971.994406
44636.72245 21204.57642 -545.3744119
19714.40977 -42643.81161 1830.632739
6179.74194 -8213.366484 -195.4800445
-13105.65055 -41067.69739 -4774.512828
-15192.27826 -18515.18888 987.5134616
38700.4214 -6263.628285 959.4749226
41742.46453 -128.7889149 -430.7941009
-19725.17533 -43536.32269 1833.460175
14097.37559 12655.37024 713.273498
44928.51713 10062.32604 -4250.572172
39854.08992 28388.62481 163.0776571
17421.30539 3485.369856 1241.05641
12850.43718 -14731.95551 -1931.155213
-27670.66805 -47780.77769 1931.249304
11594.83641 -11454.61515 2489.820855
20325.52856 35745.37939 -4002.091779
22038.70907 23705.56456 -2644.611019
49810.33706 48201.45004 3459.067781
-31831.76382 -2297.562297 -1558.382118
-3853.667771 -47932.03612 2302.832807
-9263.048332 35255.40156 -948.7436052
-6958.908678 38981.44995 3566.844293
-35247.18457 -13117.43837 -2672.998321
37281.85469 18471.45281 -3791.841319
-28507.22002 36387.20926 3120.207298
40560.87742 45172.29689 3310.755787
19678.82204 6564.510178 -673.0432339
44817.75732 -5084.889964 890.289234
-7075.979206 -45340.13814 -745.2025459
-15120.08957 -10266.09223 4407.298027
-3410.926557 19225.18273 -3616.476166
44302.8746 37091.8167 -287.4553559
-29571.80109 -13583.08655 -706.527514
8491.012072 48647.63253 2983.974763
15309.92437 -11025.19063 -2710.406999
41985.98959 -25949.88026 -3165.49161
37639.87678 -49990.76923 3124.190886
22942.45863 -10362.56233 4024.911679
-12514.10913 19213.25477 4257.551196
-10337.61911 -7176.789379 3290.480051
36978.97716 42354.19788 -1594.675164
-8477.865886 19276.88503 -3599.472817
40383.45183 48917.76422 4503.261552
